            0.199413            0.199413                   0
            0.198108             0.19876         0.000652281
            0.197274            0.198265         0.000622385
            0.197003            0.197949         0.000541491
            0.197503             0.19786         0.000428818
            0.196045            0.197558         0.000462725
            0.198736            0.197726         0.000425778
            0.196305            0.197548          0.00040928
             0.19704            0.197492         0.000365343
             0.19742            0.197485         0.000326852
            0.197413            0.197478          0.00029572
            0.198089            0.197529         0.000274716
             0.19776            0.197547         0.000253327
            0.197117            0.197516         0.000236539
            0.197355            0.197505         0.000220468
            0.196694            0.197455         0.000212371
             0.19607            0.197373         0.000215485
            0.198092            0.197413         0.000207048
            0.197318            0.197408         0.000195912
            0.198856            0.197481         0.000199465
            0.198389            0.197524         0.000194594
            0.196923            0.197496         0.000187539
             0.19899            0.197561         0.000190608
            0.197389            0.197554         0.000182634
            0.196982            0.197531         0.000176664
            0.196244            0.197482         0.000176804
            0.198196            0.197508         0.000172175
            0.198201            0.197533         0.000167746
            0.197116            0.197519         0.000162497
            0.198544            0.197553         0.000160666
            0.197787             0.19756         0.000155581
            0.198234            0.197581         0.000152102
            0.197141            0.197568         0.000148024
            0.196028            0.197523         0.000150577
            0.197359            0.197518         0.000146286
            0.197352            0.197514         0.000142239
             0.19887             0.19755         0.000143117
            0.200499            0.197628         0.000159455
            0.197978            0.197637         0.000155572
            0.197493            0.197633         0.000151675
            0.195836            0.197589          0.00015429
             0.19867            0.197615         0.000152754
            0.198696             0.19764         0.000151262
            0.199233            0.197676         0.000152155
            0.196772            0.197656         0.000150087
            0.197948            0.197663         0.000146925
            0.198661            0.197684         0.000145326
            0.198541            0.197702         0.000143382
            0.198964            0.197728          0.00014277
            0.197492            0.197723         0.000139965
            0.196481            0.197698         0.000139337
            0.198935            0.197722         0.000138686
            0.197641            0.197721         0.000136052
            0.197715            0.197721         0.000133509
            0.197577            0.197718         0.000131085
            0.197249             0.19771         0.000128995
            0.197363            0.197704         0.000126858
            0.197306            0.197697          0.00012484
            0.200269             0.19774         0.000130221
            0.196365            0.197717         0.000130069
            0.198452            0.197729         0.000128485
            0.197086            0.197719         0.000126821
            0.197919            0.197722         0.000124832
            0.197915            0.197725         0.000122902
            0.197257            0.197718         0.000121211
            0.197046            0.197708         0.000119794
            0.197177              0.1977         0.000118257
            0.197519            0.197697         0.000116536
            0.197694            0.197697         0.000114834
            0.198657            0.197711          0.00011401
              0.1973            0.197705         0.000112542
            0.198334            0.197714         0.000111311
            0.198188             0.19772         0.000109967
             0.19717            0.197713         0.000108725
            0.197692            0.197713         0.000107266
            0.197285            0.197707         0.000105995
            0.197031            0.197698         0.000104978
             0.19771            0.197698         0.000103623
            0.199197            0.197717         0.000104048
            0.199244            0.197736         0.000104497
            0.197093            0.197728         0.000103504
            0.195997            0.197707         0.000104391
            0.198777             0.19772         0.000103929
            0.196527            0.197706         0.000103663
            0.197448            0.197703         0.000102481
            0.198577            0.197713         0.000101791
            0.197671            0.197713         0.000100615
            0.195765            0.197691         0.000101898
            0.197926            0.197693         0.000100782
            0.199162             0.19771         0.000100983
            0.198445            0.197718         0.000100194
            0.195782            0.197697         0.000101307
            0.198802            0.197708         0.000100914
            0.196237            0.197693         0.000101054
            0.196911            0.197685         0.000100323
            0.198249             0.19769         9.94464e-05
            0.198862            0.197703         9.91538e-05
            0.195172            0.197677         0.000101477
            0.196587            0.197666         0.000101047
            0.198011            0.197669         0.000100091
