            -0.46309            -0.46309                   0
            -0.46357            -0.46333         0.000240092
           -0.463233           -0.463298         0.000142352
           -0.463638           -0.463383          0.00013178
           -0.462796           -0.463265         0.000155505
           -0.462356           -0.463114         0.000197711
           -0.462964           -0.463093         0.000168464
           -0.463528           -0.463147         0.000155734
           -0.463646           -0.463202         0.000148126
           -0.462302           -0.463112         0.000160217
           -0.463248           -0.463125         0.000145442
           -0.463076           -0.463121         0.000132833
           -0.462301           -0.463058          0.00013748
           -0.463625           -0.463098         0.000133584
           -0.463228           -0.463107         0.000124661
           -0.463403           -0.463125         0.000118066
           -0.462981           -0.463117          0.00011123
           -0.462452            -0.46308         0.000111187
           -0.462659           -0.463058         0.000107482
           -0.462201           -0.463015          0.00011059
           -0.462636           -0.462997         0.000106727
           -0.463454           -0.463018         0.000103861
           -0.462435           -0.462992         0.000102427
           -0.463368           -0.463008         9.93114e-05
           -0.463216           -0.463016          9.5618e-05
           -0.462465           -0.462995         9.42836e-05
           -0.463957           -0.463031         9.74724e-05
           -0.462182              -0.463            9.87e-05
           -0.462838           -0.462995         9.54009e-05
           -0.462607           -0.462982         9.30686e-05
           -0.462997           -0.462982         9.00177e-05
           -0.462126           -0.462956         9.11734e-05
           -0.462531           -0.462943         8.92982e-05
           -0.463236           -0.462951         8.70594e-05
           -0.463191           -0.462958         8.48135e-05
           -0.462146           -0.462936         8.54522e-05
           -0.463506           -0.462951         8.45304e-05
           -0.462759           -0.462946         8.24306e-05
           -0.463366           -0.462957         8.10067e-05
           -0.461759           -0.462927         8.44448e-05
           -0.463398           -0.462938         8.31569e-05
           -0.462726           -0.462933         8.13106e-05
           -0.463632           -0.462949         8.10434e-05
            -0.46307           -0.462952         7.92274e-05
           -0.461673           -0.462924          8.2501e-05
           -0.463026           -0.462926          8.0718e-05
           -0.462702           -0.462921         7.91259e-05
           -0.462628           -0.462915         7.76996e-05
           -0.463126           -0.462919         7.62188e-05
           -0.463078           -0.462923         7.47464e-05
           -0.463281            -0.46293         7.36031e-05
           -0.464088           -0.462952          7.5533e-05
           -0.462583           -0.462945         7.44198e-05
           -0.463518           -0.462956         7.37948e-05
           -0.463305           -0.462962         7.27187e-05
           -0.462633           -0.462956         7.16493e-05
           -0.462707           -0.462952          7.0517e-05
           -0.464447           -0.462977         7.39335e-05
           -0.462719           -0.462973         7.28014e-05
           -0.463209           -0.462977         7.16857e-05
           -0.463367           -0.462983         7.07904e-05
           -0.464057           -0.463001         7.17612e-05
            -0.46286           -0.462998         7.06482e-05
           -0.463492           -0.463006          6.9961e-05
           -0.462382           -0.462997         6.95418e-05
           -0.462297           -0.462986         6.92961e-05
           -0.462147           -0.462973         6.93925e-05
           -0.462774           -0.462971         6.84271e-05
           -0.463063           -0.462972         6.74413e-05
           -0.462625           -0.462967         6.66557e-05
           -0.463303           -0.462972         6.58803e-05
           -0.463691           -0.462982         6.57229e-05
           -0.462352           -0.462973         6.53875e-05
           -0.462576           -0.462968         6.47209e-05
           -0.463081           -0.462969         6.38701e-05
           -0.463273           -0.462973         6.31512e-05
           -0.462876           -0.462972         6.23384e-05
           -0.462636           -0.462968         6.16842e-05
           -0.462596           -0.462963         6.10793e-05
           -0.463276           -0.462967         6.04377e-05
            -0.46329           -0.462971         5.98205e-05
           -0.463304           -0.462975          5.9226e-05
           -0.462625           -0.462971         5.86599e-05
           -0.463589           -0.462978         5.84228e-05
            -0.46295           -0.462978         5.77323e-05
            -0.46294           -0.462977         5.70587e-05
           -0.462614           -0.462973         5.65536e-05
           -0.462492           -0.462968         5.61738e-05
           -0.462717           -0.462965         5.56105e-05
           -0.462498            -0.46296         5.52331e-05
           -0.463797           -0.462969         5.53931e-05
           -0.463518           -0.462975         5.51116e-05
           -0.463679           -0.462982         5.50396e-05
           -0.463533           -0.462988         5.47656e-05
           -0.463474           -0.462993         5.44268e-05
           -0.463319           -0.462997         5.39637e-05
           -0.462258           -0.462989         5.39451e-05
           -0.463667           -0.462996         5.38375e-05
           -0.462995           -0.462996         5.32909e-05
           -0.462703           -0.462993         5.28364e-05
