             1.37252             1.37252                   0
             1.37973             1.37612            0.003605
             1.37831             1.37685          0.00220585
              1.3868             1.37934          0.00293599
             1.38224             1.37992          0.00234709
             1.36166             1.37688          0.00359664
             1.38424             1.37793          0.00321649
             1.37982             1.37816          0.00279553
             1.37473             1.37778          0.00249471
             1.37519             1.37752          0.00224636
             1.38933              1.3786          0.00229791
             1.38019             1.37873           0.0021019
             1.36071             1.37734          0.00237925
             1.37034             1.37684          0.00225885
             1.38016             1.37706          0.00211448
             1.39204               1.378           0.0021882
             1.36915             1.37748          0.00212035
             1.37639             1.37742               0.002
             1.38371             1.37775          0.00192059
             1.36217             1.37697          0.00198163
             1.37636             1.37694          0.00188513
             1.38268              1.3772           0.0018162
             1.36877             1.37684          0.00177379
             1.39345             1.37753          0.00183397
             1.40113             1.37847          0.00199646
             1.36784             1.37806          0.00196126
             1.38386             1.37828           0.0018994
             1.37486             1.37816          0.00183437
             1.37272             1.37797           0.0017799
             1.37137             1.37775          0.00173355
             1.36539             1.37735          0.00172348
             1.36757             1.37705          0.00169651
             1.38606             1.37732          0.00166685
             1.38307             1.37749          0.00162592
             1.37561             1.37743          0.00157969
             1.37263              1.3773          0.00154098
             1.38631             1.37754          0.00151842
             1.37711             1.37753          0.00147797
             1.38747             1.37779          0.00146196
             1.35145             1.37713          0.00156968
             1.38304             1.37727           0.0015377
             1.37066             1.37712          0.00150889
               1.377             1.37711          0.00147338
             1.37628             1.37709          0.00143963
             1.37984             1.37716           0.0014086
             1.37539             1.37712          0.00137817
             1.36931             1.37695          0.00135872
             1.37899             1.37699          0.00133079
             1.36783             1.37681          0.00131671
               1.387             1.37701          0.00130612
              1.3835             1.37714          0.00128657
             1.37808             1.37716          0.00126171
             1.35807              1.3768          0.00128902
             1.38703             1.37699          0.00127905
             1.38541             1.37714          0.00126488
             1.38011             1.37719          0.00124322
             1.37152             1.37709          0.00122525
             1.39035             1.37732          0.00122545
             1.37362             1.37726          0.00120613
              1.3879             1.37743          0.00119904
             1.38992             1.37764          0.00119684
             1.37988             1.37768          0.00117794
             1.38423             1.37778          0.00116375
             1.37976             1.37781          0.00114584
             1.36258             1.37758          0.00115215
             1.36707             1.37742          0.00114567
             1.39188             1.37763          0.00114892
             1.36943             1.37751          0.00113831
             1.36944              1.3774          0.00112778
             1.38656             1.37753          0.00111925
             1.37465             1.37749          0.00110411
             1.38281             1.37756          0.00109118
             1.35455             1.37724          0.00112133
             1.37028             1.37715          0.00111006
             1.38235             1.37722          0.00109735
             1.38166             1.37728          0.00108439
             1.38119             1.37733          0.00107142
             1.37049             1.37724          0.00106122
             1.38818             1.37738          0.00105681
             1.37637             1.37737           0.0010436
             1.38202             1.37742          0.00103223
             1.37754             1.37743          0.00101957
             1.37862             1.37744          0.00100731
             1.38142             1.37749         0.000996373
              1.3759             1.37747          0.00098476
             1.38983             1.37761         0.000983795
             1.37243             1.37755         0.000974243
             1.38731             1.37766         0.000969469
             1.37875             1.37768         0.000958592
             1.37419             1.37764         0.000948672
             1.37092             1.37756         0.000941085
             1.39053              1.3777         0.000941414
             1.39503             1.37789         0.000949691
             1.37976             1.37791         0.000939744
             1.36325             1.37776         0.000942526
             1.38377             1.37782         0.000934757
             1.37699             1.37781         0.000925109
             1.37761             1.37781         0.000915623
              1.3702             1.37773         0.000909581
             1.36691             1.37762         0.000906923
