           0.0284624           0.0284624                   0
           0.0273916            0.027927           0.0005354
            0.027128           0.0276607         0.000408025
            0.029338             0.02808         0.000509002
            0.025652           0.0275944         0.000625505
           0.0271284           0.0275167         0.000516595
            0.027078           0.0274541         0.000441078
           0.0282172           0.0275494         0.000393716
            0.027234           0.0275144         0.000348989
           0.0267976           0.0274427          0.00032027
           0.0256224           0.0272772         0.000333629
           0.0271052           0.0272629         0.000304897
           0.0275908           0.0272881         0.000281596
           0.0270628            0.027272         0.000261204
            0.029716            0.027435         0.000292707
           0.0288904           0.0275259         0.000288517
           0.0259108           0.0274309         0.000287185
           0.0272252           0.0274195         0.000271002
           0.0289352           0.0274993         0.000268468
           0.0257892           0.0274138         0.000268661
           0.0247632           0.0272875         0.000285018
            0.029298           0.0273789         0.000286708
           0.0285324           0.0274291         0.000278511
           0.0279804           0.0274521         0.000267642
           0.0269428           0.0274317          0.00025752
           0.0241968           0.0273073         0.000276939
           0.0258992           0.0272551         0.000271539
           0.0268808           0.0272417         0.000262003
           0.0243184           0.0271409         0.000272164
           0.0284604           0.0271849         0.000266588
            0.025482             0.02713         0.000263632
           0.0255844           0.0270817          0.00025979
           0.0271568            0.027084         0.000251805
           0.0258204           0.0270468         0.000247097
           0.0289728           0.0271018         0.000246163
           0.0276412           0.0271168         0.000239696
           0.0277596           0.0271342         0.000233774
           0.0288376            0.027179         0.000231913
           0.0303968           0.0272615         0.000240485
            0.027698           0.0272724         0.000234649
           0.0258912           0.0272387         0.000231321
           0.0266408           0.0272245         0.000226195
           0.0290408           0.0272667         0.000224874
             0.02722           0.0272657         0.000219707
           0.0267164           0.0272535         0.000215115
           0.0286092           0.0272829         0.000212441
           0.0307688           0.0273571         0.000220707
           0.0287828           0.0273868         0.000218092
           0.0267304           0.0273734         0.000214014
           0.0295508            0.027417         0.000214165
           0.0279088           0.0274266         0.000210145
            0.028796           0.0274529          0.00020774
            0.028004           0.0274633         0.000204047
           0.0300016           0.0275103         0.000205676
           0.0249692           0.0274641         0.000207121
           0.0250152           0.0274204         0.000208037
           0.0278076           0.0274272         0.000204468
           0.0297252           0.0274668         0.000204781
           0.0263552            0.027448          0.00020216
           0.0277332           0.0274527         0.000198819
           0.0251212           0.0274145         0.000199233
           0.0241472           0.0273618         0.000202955
           0.0277328           0.0273677         0.000199794
           0.0294164           0.0273997         0.000199236
           0.0255956            0.027372         0.000198101
            0.027838            0.027379         0.000195204
            0.024242           0.0273322         0.000197887
           0.0255564           0.0273061         0.000196697
           0.0236904           0.0272537         0.000200783
            0.027432           0.0272562         0.000197911
           0.0266224           0.0272473         0.000195307
           0.0286732           0.0272671         0.000193591
           0.0282048             0.02728         0.000191353
           0.0251456           0.0272511          0.00019094
           0.0268348           0.0272456         0.000188459
            0.028912           0.0272675         0.000187251
           0.0271536            0.027266         0.000184809
           0.0285384           0.0272823         0.000183152
           0.0263044           0.0272699         0.000181242
           0.0246316            0.027237         0.000181976
           0.0286036           0.0272538         0.000180505
           0.0278364           0.0272609         0.000178432
           0.0278376           0.0272679         0.000176406
           0.0260016           0.0272528         0.000174944
           0.0305296           0.0272914         0.000177119
           0.0267932           0.0272856         0.000175144
           0.0282096           0.0272962         0.000173444
           0.0266424           0.0272888         0.000171623
           0.0276776           0.0272931          0.00016974
           0.0259044           0.0272777         0.000168551
           0.0248264           0.0272508         0.000168851
           0.0277668           0.0272564           0.0001671
            0.028202           0.0272665         0.000165606
            0.026112           0.0272543         0.000164294
           0.0280568           0.0272627         0.000162775
           0.0260752           0.0272503         0.000161545
           0.0271264           0.0272491         0.000159876
           0.0271276           0.0272478         0.000158241
           0.0274008           0.0272494         0.000156642
           0.0238028           0.0272149         0.000158852
