0.5
-0.820328
-0.911869
-0.911869
-1.42588
-1.42588
-1.42588
-1.09317
-2.16054
-1.13635
-2.10478
-1.76511
-1.76511
-0.748904
-0.0048809
-1.14947
-1.14947
0.210545
0.210545
0.210545
1.46369
-0.322395
1.61951
0.624966
0.551084
0.551084
-0.412804
-1.86923
-0.874152
-0.874152
-1.2745
-1.90159
-0.518522
0.896296
0.896296
0.896296
2.02399
2.02399
2.02399
0.376442
1.19479
2.23497
1.08749
3.05674
1.40438
-0.160057
-0.393892
-0.393892
1.21561
1.80014
1.80014
1.31303
1.31303
1.31303
1.70666
1.50417
0.940167
0.940167
0.940167
1.52599
1.52599
1.52599
1.52599
1.52599
1.52599
1.52599
1.52599
0.682042
1.33361
-0.632103
-0.632103
-1.80827
-1.72705
-1.45215
-1.45215
-1.45215
-1.45215
-0.801883
-0.801883
-0.895198
-0.895198
-0.895198
0.843317
2.54377
1.69887
1.66935
1.02772
1.02772
1.02772
1.02772
0.766761
1.62993
-0.309454
-0.309454
-0.678516
-0.0364883
-1.5757
-2.0204
-1.0441
-0.855279
-0.716721
-0.716721
1.27365
1.54225
0.220533
-0.540907
-0.540907
-0.540907
-0.540907
-0.540907
-1.9831
-0.119986
1.12188
1.12188
-0.473459
-0.473459
-0.473459
1.12942
1.12942
1.12942
1.12942
1.44277
1.44277
2.20871
2.20871
2.20871
2.20871
2.20871
0.978683
2.06885
2.06885
1.60015
0.542445
0.0428967
0.0428967
0.0428967
0.0428967
0.298783
1.04414
1.04414
1.04414
1.04414
1.04414
-0.495537
-1.9432
-1.9432
-1.9432
-0.916268
-0.916268
-1.93372
-1.95939
-0.61288
-1.48282
-1.91659
-0.00990627
0.381586
0.381586
0.381586
0.361223
-1.10574
-0.594631
-0.577077
0.511759
1.43547
-0.156993
0.420257
1.20491
0.0994817
1.24903
-0.141057
-0.491589
-0.491589
0.758631
0.114724
0.767996
0.613112
-1.08241
-0.503121
-1.93106
-1.77567
-2.38154
-2.38154
-2.38154
-2.38154
-2.09954
-0.305384
-0.305384
0.267316
-0.296745
-0.296745
-0.155054
-0.155054
-0.155054
-0.155054
0.290412
0.290412
0.290412
0.385779
0.430846
1.61907
1.13154
1.13154
-0.161993
-1.07118
-1.35445
-0.390157
-0.771099
-0.587508
-1.36425
-1.36425
-1.36425
-1.36425
-1.639
-1.67118
-1.67118
-1.67118
-1.67118
-1.67118
-1.38771
0.0501086
0.0501086
1.32679
0.576147
0.576147
0.576147
0.576147
1.40326
0.51234
0.51234
1.51071
0.698332
1.67776
0.169012
0.169012
0.623458
-0.939597
0.722506
0.722506
2.17302
1.13223
-0.82329
-0.82329
-0.789807
-0.0561087
0.745225
-0.892052
-0.794931
-0.794931
-0.794931
-0.794931
-1.03874
-1.03874
-0.101794
-0.101794
-0.101794
-0.101794
-1.94728
-2.77652
-2.77652
-2.77652
-2.77652
-1.24502
-3.07436
-3.07436
-3.07436
-3.07436
-2.27729
-0.454013
0.611893
1.36734
1.36734
0.669492
1.37539
1.37539
0.612953
1.66945
1.66945
1.66945
1.56253
1.56253
1.56253
1.50158
1.50158
1.50158
0.52356
-0.762856
1.02559
0.987291
0.987291
0.711469
1.66503
1.65672
1.65672
1.65672
1.65672
2.01758
1.37302
1.6456
0.783637
0.783637
0.783637
0.783637
-0.266727
-0.916835
-0.916835
-0.466572
-1.04291
0.18587
0.18587
0.18587
0.18587
0.18587
0.18587
1.64918
1.64918
1.13
-0.16746
-0.16746
-0.16746
-0.16746
-0.16746
-1.79712
-1.79712
-1.79712
-1.79712
-1.19913
-0.809273
-2.56668
-2.56668
-2.96654
-2.96654
-0.977943
-0.977943
-0.977943
-0.977943
-0.338856
-0.338856
-0.338856
-1.0777
0.226853
0.825793
0.825793
0.825793
0.825793
0.825793
-1.04519
-1.04519
0.569782
-0.45377
-1.96337
-0.593743
-0.593743
-0.593743
-0.593743
-0.593743
-0.593743
-1.93745
-1.14199
-2.33268
-1.57842
0.0758468
-0.346685
-0.346685
-1.02185
-1.02185
-1.02185
-2.08931
-0.560678
-0.560678
-1.04194
-2.76604
-2.76604
-2.76604
-2.76604
-2.76604
-3.12581
-1.46367
0.25725
1.235
1.235
1.235
1.235
1.69166
1.69166
1.69166
1.69166
1.54997
1.23595
2.0956
0.232868
-1.6169
-1.6169
0.163475
0.163475
1.30264
1.30264
1.30264
1.30264
1.30264
1.30264
1.30264
1.30264
1.30264
1.30264
-0.10298
-0.10298
0.6663
1.60362
1.28304
0.0584656
0.0584656
1.95837
3.33688
3.33688
2.20663
2.20663
2.20663
0.859582
1.5717
1.5717
1.89348
0.493869
0.493869
1.03572
1.03572
1.03572
1.03572
1.14529
1.14529
0.946493
-0.910823
-0.910823
-0.910823
1.07096
-0.352363
-0.352363
-0.440732
-1.88491
-0.698724
-0.590484
-0.525825
1.08921
1.08921
0.0420702
-0.193733
-0.193733
0.644725
-0.240104
-0.201319
0.0399049
0.0399049
1.06659
1.67582
-0.30264
-0.30264
-0.30264
-0.30264
-1.62482
-1.62482
-1.62482
-1.62482
-0.540166
0.75218
1.23427
1.23427
0.593381
-0.225838
-1.08342
-0.591728
0.897695
-0.553963
-0.564195
0.534141
0.534141
-1.40193
-2.56274
-2.56274
-2.56274
-0.613298
1.22397
1.87971
-0.0749382
1.24966
1.24966
2.37064
1.79529
0.520615
0.0822484
-0.209752
-0.209752
-1.73212
-1.21272
-1.28086
-1.28086
0.183837
-0.450785
-1.45702
0.48342
0.80383
1.55991
0.672463
1.51457
0.569049
0.569049
0.569049
0.569049
0.569049
-1.23761
-1.0887
-0.98787
-0.898301
-0.898301
-0.898301
0.135746
0.135746
0.135746
0.135746
0.265155
0.265155
0.265155
0.265155
0.265155
0.265155
-0.24283
-1.59745
-1.59745
-0.783402
-0.810276
-0.810276
-0.810276
1.14401
-0.479468
-0.479468
-0.479468
0.250743
0.250743
0.250743
0.250743
0.462527
0.462527
1.84865
0.279769
0.279769
-0.344079
-1.40556
-1.40556
-1.40556
-1.27426
0.393551
1.0348
1.24584
1.14239
0.534789
-0.355116
-0.664763
-0.664763
-0.745353
1.02969
1.02969
2.26244
2.26244
2.26244
2.26244
0.877801
1.75561
1.24395
0.591674
0.591674
0.30459
0.30459
0.30459
0.30459
0.764493
0.618407
0.618407
0.618407
-1.02919
-0.751499
-2.24598
-1.33384
-1.33384
-2.01143
-2.01143
-0.247246
1.19764
0.917519
0.917519
-0.741997
-1.15165
-1.15165
-3.14111
-1.41051
-2.22297
-2.22297
-2.75429
-2.84669
-2.46453
-2.46453
-2.46453
-0.641752
-0.641752
-0.340338
-0.340338
-2.29654
-0.995951
0.231937
0.231937
0.231937
0.231937
0.231937
-1.29755
-1.29755
-1.29755
-0.453149
1.00234
1.00234
1.00234
1.00234
-0.894697
-0.894697
-0.894697
0.0520983
1.81916
1.81916
0.456169
0.456169
0.456169
0.426033
0.135324
0.135324
0.289234
0.471298
1.46232
1.46232
-0.343124
0.756813
0.756813
0.756813
0.756813
0.756813
0.640132
0.640132
0.640132
0.360923
0.360923
-1.21748
-1.73615
-1.73615
-1.73615
-1.15914
-1.15914
-1.32084
-1.2629
-1.82945
-1.67385
-1.52306
-0.0363815
-0.0363815
-0.0363815
-1.24646
-1.61926
-1.61926
-1.61926
-1.35254
-1.35254
-1.35254
-1.35254
-1.35254
-1.58772
-1.26051
-0.958239
-1.11975
-1.11975
-1.11975
-1.11975
-0.577929
1.18115
1.18115
-0.0627828
-1.26032
-1.26032
-1.26032
-1.26032
-1.26032
0.394837
-0.359795
-0.359795
1.39472
1.39472
1.39472
2.31513
2.31513
2.31513
1.70113
1.70113
0.321992
-0.745539
-0.745539
-0.745539
-0.454734
-0.454734
-0.756664
-0.756664
-1.79788
-0.913228
-0.913228
0.45104
-0.692935
0.31884
-0.497094
0.105842
0.711077
0.711077
0.711077
-1.26233
-1.26233
-1.93431
-1.93431
-1.93431
-1.93431
-1.36327
-1.36327
-1.18012
-1.18012
-1.18012
-0.266654
0.647453
0.647453
0.647453
1.3615
1.57979
1.57979
1.57979
-0.37616
-1.60501
-1.60501
-0.811752
-0.811752
-0.811752
-0.511102
-0.511102
0.0416712
-0.0388216
-0.0388216
1.91961
1.91961
1.10273
1.10273
1.10273
1.45334
2.02237
2.02237
2.02237
2.02237
0.974539
0.370661
0.370661
0.370661
-0.919716
-0.747645
-0.747645
-0.747645
-1.71626
-1.71626
-1.71626
-2.3655
-1.79095
-1.79095
-1.69147
-2.15847
-0.852677
0.953263
0.953263
0.232828
0.232828
0.232828
0.232828
-1.13115
-1.13115
-0.854254
-0.854254
-0.854254
-0.854254
-0.854254
-0.146553
-1.08685
-1.66916
-0.738854
-0.738854
-0.738854
-0.542662
-0.653391
-0.587638
-0.587638
0.582991
0.582991
0.582991
1.94587
1.94587
-0.0316453
1.45179
2.66388
0.98687
0.98687
0.98687
0.12847
0.12847
0.12847
-0.0739835
1.48171
0.412688
0.468823
0.690446
0.690446
0.690446
-0.389647
-0.63347
1.10063
0.0321718
0.0321718
-1.43283
-0.229644
-0.229644
-0.857829
-0.265286
-0.265286
0.179499
-0.497086
1.41266
1.59777
0.0360227
0.0360227
0.0360227
0.455079
0.918812
0.918812
1.59773
0.864754
-0.216141
-0.216141
-0.787216
-0.430381
-0.430381
1.31718
0.830495
0.830495
1.73044
-0.207963
-1.12493
-2.33256
-1.76114
-1.86717
-1.86717
-0.203437
-2.05641
-2.05641
-1.09466
-0.59776
-0.59776
-1.5264
-1.5264
-1.5264
-0.895321
-1.70757
-1.70757
-1.70757
-1.70757
-1.70757
-1.70757
-0.870228
-0.870228
-2.1041
-2.1041
-2.06759
-2.06759
-2.06759
-1.39628
-0.401122
-0.401122
0.342249
0.81433
-1.11426
0.434524
0.118865
0.934338
0.934338
1.5861
1.5861
1.5861
-0.345404
-0.345404
-0.345404
-0.345404
-0.345404
-1.92109
-1.84675
-1.84675
-2.17111
-2.2377
-2.2377
-2.2377
-2.2377
-1.78751
-1.78751
-1.69339
-1.69339
-1.69339
-1.69339
-1.69339
-1.69339
-1.69339
-1.69339
-1.69339
-2.1038
-2.64317
-2.69493
-2.69493
-2.69493
-2.69493
-1.75698
-0.031765
-0.031765
-0.031765
-0.031765
-0.031765
-0.031765
-0.031765
0.360497
-1.46415
-1.49233
-0.949654
0.881096
0.881096
0.869867
0.869867
0.739863
-1.03412
-1.03412
-1.03412
0.938721
0.864109
0.732546
1.56248
1.56248
1.56248
1.56248
1.94737
0.244875
1.72195
0.937046
0.937046
0.937046
0.254779
-0.499055
-0.499055
-0.74568
-1.35351
-1.35351
-0.86675
0.585063
0.585063
0.585063
0.612101
1.08787
1.08787
1.08787
1.36117
0.975767
0.975767
0.975767
2.27166
2.27166
0.520757
-0.943893
-0.943893
-0.943893
0.650817
0.791342
1.61102
0.339864
-1.1357
-1.1357
-1.1357
-2.24173
-1.38206
-1.96469
0.000706826
-0.544471
0.737479
-0.1871
-0.1871
-0.680122
-0.680122
-0.680122
-0.375791
-0.375791
-0.375791
-0.375791
-0.375791
-0.375791
-1.07545
-1.07545
-0.62797
-0.62797
-0.968476
-2.29898
-2.29898
-2.29898
-2.29898
-0.97306
-0.97306
0.484093
0.484093
-1.38112
-1.38112
-1.38112
-1.46898
-1.46898
-0.684293
-1.84268
-0.816399
-0.816399
0.0743536
0.0743536
0.0743536
1.01326
0.341656
-1.37651
-0.880025
-0.880025
-0.450308
-0.726428
-0.526562
-0.526562
0.836647
0.836647
-0.824328
-0.824328
-2.37142
-1.86224
-1.86224
-2.22201
-2.22201
-1.94204
-0.345452
-0.345452
-1.41308
-1.41308
0.475479
0.475479
0.810779
0.810779
0.976256
-0.558174
-0.0783145
1.67394
1.67394
0.976274
1.11394
1.11394
0.384414
0.384414
1.09695
1.09695
1.12212
-0.00772122
1.54713
1.54713
0.711475
0.711475
0.711475
0.711475
0.711475
1.6826
1.6826
1.15585
0.194157
-1.53811
-0.542037
0.906364
2.14437
2.14437
2.14437
2.14437
2.14437
2.14437
2.14437
2.14437
2.26453
2.26453
2.01206
0.703011
1.48673
1.48673
0.570121
1.36262
-0.264893
-0.264893
-0.264893
-0.264893
1.40213
0.746112
0.746112
0.746112
0.746112
-0.112673
-0.112673
-0.112673
-0.112673
0.819134
0.819134
-0.968878
-2.24655
-2.24655
-2.24655
-0.806843
-2.6328
-2.6328
-2.53463
-2.53463
-2.53463
-2.53463
-0.648266
-0.525336
0.695072
0.695072
0.355333
-1.11753
-0.0430322
-0.493723
-0.493723
-0.493723
1.09422
-0.250383
-0.0951216
-0.0951216
-1.82139
-0.136733
-0.136733
-1.5764
-1.05587
-0.0575384
1.20159
0.250896
0.250896
-0.284459
0.423301
0.423301
-0.701949
-0.323581
1.09419
-0.585438
-0.822592
-1.3084
0.267032
1.04584
1.04584
-0.517839
-0.567233
-0.567233
-0.44913
-0.590533
-0.184014
0.726859
-1.24761
-0.990224
-0.990224
-0.990224
-0.990224
-0.0852169
-0.0852169
0.812146
0.812146
-0.728615
-1.03698
-0.287404
-0.287404
-0.287404
-1.38978
-1.96634
-2.03694
-0.544463
-0.544463
-0.544463
-1.5548
-1.5548
-0.00238201
-0.00238201
1.14112
1.14112
0.615318
0.615318
0.271165
-0.434571
-0.434571
-0.434571
-0.434571
-0.434571
-0.434571
-0.434571
-0.434571
-0.434571
-0.659421
-1.65786
-0.124432
-0.124432
0.372004
0.372004
0.110694
0.00215497
0.00215497
-0.670111
0.848053
0.848053
0.848053
0.00966846
1.0623
0.536677
0.536677
-0.920089
-0.629924
-0.629924
-0.900258
-0.900258
-0.900258
0.315874
0.267188
0.267188
-0.0552611
0.148634
-0.761601
-0.761601
-0.761601
0.992108
1.82793
0.39891
1.37579
1.37579
0.726024
0.726024
2.31087
2.31087
1.60845
-0.238376
-0.966484
-0.966484
-0.966484
0.0696896
1.92389
0.368961
0.368961
-0.874875
0.024186
-1.85843
-1.85843
-1.85843
-1.85843
-1.68319
-1.26245
-1.6243
-1.6243
-1.6243
0.0605069
0.0605069
-1.3293
-0.0348027
-0.611291
-1.29848
-1.43008
-1.43008
-1.55216
-1.7484
-1.7484
-1.7484
-1.7484
0.113867
-0.387709
0.47077
0.648086
2.13382
1.76754
1.76754
0.621989
0.621989
0.723037
0.723037
0.723037
1.05688
-0.832557
-1.93113
-1.79512
-1.79512
-1.79512
-0.819426
-0.819426
0.178817
0.178817
0.600379
0.600379
1.15832
2.12705
1.35422
-0.167232
-0.167232
-0.492744
-1.25363
-1.25363
-1.25363
-1.25363
-1.17492
-1.17492
-1.17492
-1.17492
-1.17492
-1.41084
0.139145
-1.53902
-1.53902
-1.53902
-1.53902
-1.42353
0.14855
-1.32111
-1.32111
-1.32111
-0.374471
-0.374471
1.35791
1.35791
1.35791
-0.0979089
-1.69123
-1.58837
-1.58837
-1.58837
-1.58837
-1.58837
0.00600661
0.606088
1.65509
0.155461
1.29575
0.0297426
1.91099
1.91099
1.91099
0.195491
1.88374
1.85298
1.85298
0.157781
0.157781
-1.01569
-1.65349
-1.33354
-0.960368
0.759597
0.759597
0.786099
0.786099
2.00349
0.910003
0.910003
-0.684223
-0.0400593
-0.0400593
1.68731
1.45387
-0.120928
-0.120928
-0.120928
-0.120928
-1.49513
-0.269736
-0.269736
0.759115
0.759115
0.615956
0.213262
-0.457576
-0.457576
-0.457576
0.472678
0.472678
0.472678
0.748418
0.748418
2.27887
2.27522
2.27522
1.02515
1.96154
2.32962
0.413696
0.898113
0.654747
1.24706
0.932288
0.932288
0.932288
0.76585
-0.324683
-0.324683
1.20232
1.20232
1.20232
1.20232
0.203253
-0.73302
-1.42677
-1.42677
0.225061
1.59054
1.59054
-0.134662
0.128772
0.128772
-0.61313
-1.47226
-0.935958
-0.935958
-0.935958
-0.935958
-0.935958
-0.619387
1.20238
-0.565549
-0.565549
-0.320669
-0.320669
-0.320669
1.37481
-0.434634
-0.434634
-1.50503
-1.50503
-1.50503
-1.02224
-0.32528
-1.15239
-0.126127
0.30674
-1.66075
-1.66075
-1.32247
-1.32247
0.305083
0.9818
1.67
2.25995
1.89666
1.73933
1.93032
0.71506
0.485363
0.485363
0.485363
-1.1568
0.762881
0.762881
-0.774421
0.16757
1.15464
1.15205
-0.0484269
-1.47214
-1.47214
-1.47214
-0.800895
-0.800895
-0.800895
-1.70003
-1.70003
0.088204
1.67695
1.67695
1.67695
0.689676
1.05355
1.05355
1.05355
1.05355
-0.626807
-1.63362
-1.63362
-0.768881
-1.35597
-1.35597
-1.35597
0.391386
-0.608102
-0.605608
-0.605608
-0.605608
-0.605608
-0.605608
-0.691339
-0.835241
-0.835241
-0.366777
-0.366777
-2.21421
-1.28439
-1.28439
-1.67779
0.228519
0.228519
0.0518998
0.0518998
-0.210814
-0.20506
-0.448456
-0.448456
-2.01575
-2.01575
-2.01575
-2.01575
-2.07556
-2.07556
-2.07556
-2.07556
-1.0618
-1.0618
-1.0618
-0.459351
-1.02149
-1.02149
0.568517
-0.196576
-0.654923
-0.654923
0.102294
0.901234
1.85867
1.85867
1.43814
1.43814
1.43814
1.64229
2.30277
2.30277
0.851301
0.477076
-0.00232303
-0.141596
-0.478611
-0.0137299
-0.0137299
-0.0137299
-0.0137299
-0.0137299
-0.0137299
-0.0137299
-1.43201
0.252081
-1.28098
0.482438
-0.38563
0.887308
-0.217418
-0.217418
-0.217418
-0.419215
-0.419215
-0.419215
-0.494584
-0.494584
-0.494584
-2.36513
-2.36513
-0.714811
-0.714811
-0.632214
-0.632214
-0.632214
-0.632214
0.0624433
-0.499701
-1.40043
-1.40043
-2.77458
-2.77458
-2.77458
-2.04095
-2.04095
-0.0496562
-0.103304
-0.168278
0.486459
0.486459
0.486459
0.486459
0.486459
0.486459
0.486459
0.360357
0.360357
-0.342815
-1.92967
-1.92967
-1.92967
-1.92967
-0.403973
-0.403973
-0.403973
-0.894913
-0.894913
-0.679699
0.24825
0.24825
0.24825
0.24825
0.0498465
-1.06546
-1.62604
-0.151518
0.583897
1.47713
1.47713
0.0286476
1.74429
2.10024
0.87734
-1.10618
-1.10618
-1.10618
-1.10618
-0.837699
-0.546929
-0.546929
-0.546929
-0.546929
-1.08776
-0.777625
-0.777625
0.00954779
0.965434
2.19866
1.64898
2.01017
0.747548
-0.195785
-0.195785
-0.217203
0.303888
1.89733
1.89733
0.016988
1.43413
1.43413
1.43413
-0.563531
-0.563531
0.678974
0.678974
0.678974
1.52099
1.52099
1.3137
1.1526
-0.795185
0.779785
0.779785
-1.00753
-0.290935
1.5517
0.412437
0.412437
-0.149191
0.730703
1.84415
2.82782
2.82782
2.82782
2.82782
2.01167
0.269281
1.37821
1.62954
1.62954
1.62954
1.62954
1.13687
1.5455
1.19183
1.08252
0.3221
2.28694
2.12354
0.43623
2.14298
2.14298
2.14298
2.14298
0.52697
1.41104
1.41104
0.436303
0.436303
-1.2033
0.348154
0.348154
0.929725
0.929725
0.171921
0.831299
1.57229
1.57229
0.777302
-0.370963
-0.370963
-1.38577
-1.68394
-2.18467
-0.514275
-0.514275
-0.514275
-0.514275
-0.514275
-2.34249
-2.34249
-2.34249
-2.34249
-1.48047
-1.48047
-1.48047
-1.48047
-1.48047
-1.48047
-1.48047
-0.0907038
-1.0885
0.130694
0.338393
-0.695396
-1.30364
-1.30364
-1.30364
-1.30364
-1.30364
-1.30364
-1.40963
-1.40963
-0.978335
-0.978335
0.702017
1.80811
1.21197
0.513275
0.513275
0.513275
0.481486
-1.03221
-1.03221
-0.478698
-0.478698
-0.478698
-0.478698
-0.478698
-0.478698
0.307438
0.217886
0.110949
-1.30326
-1.30326
-1.30326
-1.30326
-1.30326
-0.0613528
-0.0613528
-1.60017
-1.60017
-1.60017
-1.60017
-0.0445592
0.753389
-0.163797
-0.370246
-0.370246
-0.370246
-0.370246
-0.370246
-2.25463
-2.25463
-2.25463
-1.41595
-1.27051
-0.161174
-1.42763
-0.942407
-2.48207
-1.06234
-1.06234
-1.06234
-1.06234
-1.06234
-1.06234
-1.06234
-1.06234
-1.06234
-1.06234
-1.05185
-1.05185
0.357001
0.357001
0.447932
0.447932
-1.48386
-1.48386
-0.677321
-0.0297898
-0.749761
-0.84598
-0.84598
-0.84598
-0.84598
-0.32868
0.359357
0.647426
1.0419
1.87592
0.984386
1.72146
1.72146
1.72146
1.72146
0.489414
0.489414
0.489414
-0.454915
-0.454915
-1.02716
-1.02716
0.474558
0.474558
-0.0187448
-0.394518
-0.394518
0.618223
0.618223
1.66141
1.66141
1.66141
1.66141
2.49238
2.49238
2.49238
2.49238
2.49238
0.927034
-0.350979
-1.23363
-1.23363
-1.23363
-1.20577
-1.20577
-1.20577
-1.29939
-1.29939
-1.29939
-1.29939
-1.29939
0.382252
0.382252
0.781823
0.33586
0.33586
0.696233
0.696233
1.14885
-0.0678369
-0.0678369
-0.0678369
-0.653669
-0.653669
-1.33245
-1.18591
-1.18591
0.262847
0.810262
-0.0643904
1.80736
1.80736
1.80736
1.80736
1.80736
0.935319
-0.364158
0.937504
0.937504
0.607567
-0.741073
0.427886
1.34718
-0.580558
0.260369
1.01191
1.01191
0.0752784
0.0752784
-0.677039
1.29217
0.748394
0.250415
-1.33068
0.642401
0.399933
-0.00319374
0.959134
-0.0206723
-0.0206723
0.0178331
0.334787
-1.47187
-0.597305
-0.597305
-1.87851
-1.87851
-0.936051
-0.936051
-0.936051
-0.0140892
0.177168
1.41493
0.287986
0.287986
-0.156373
-0.585793
-0.585793
-0.958354
-0.599958
1.12598
1.12598
1.98638
0.766998
0.86749
-0.495151
-0.800341
-0.800341
-1.28346
-1.09933
0.0387132
-1.20549
-1.26335
0.403343
0.650802
-0.250871
-0.803647
-1.06859
-1.06859
-1.06859
-1.06859
-0.628724
-0.789611
-0.0230799
0.0736938
0.0736938
0.916277
-0.546049
-0.546049
1.27685
1.27685
0.840963
-0.484076
1.43646
1.43646
0.0486215
0.0486215
0.0486215
1.628
1.628
1.628
-0.0948595
1.11362
1.11362
1.19046
1.19046
0.261009
-0.0963734
-0.0963734
-0.0963734
-0.830497
-0.830497
-0.830497
-0.603406
0.911599
2.58962
1.64955
1.64955
1.64955
1.37492
0.0385316
0.144155
0.512322
0.512322
0.323533
-1.37488
-1.37488
-1.03441
-1.03441
-1.03441
-1.03441
-1.06607
-1.34019
0.284853
0.284853
2.00498
2.00498
1.03022
-0.266649
0.0624137
1.00386
-0.670377
-2.32987
-2.32987
-2.32987
-1.43271
-2.23619
-2.23619
-2.23619
-2.23619
-2.23619
-2.23619
-2.23619
-2.23619
-2.23619
-2.23619
-2.45793
-2.23569
-0.325653
0.33471
0.33471
-0.437637
1.0139
1.0139
1.95243
1.95243
0.441376
0.441376
-0.0806881
0.376712
0.376712
-0.746107
0.57568
0.57568
0.895137
0.895137
1.66626
1.66626
1.66626
1.66626
1.66626
1.66626
0.322091
0.322091
0.322091
-0.907121
0.234135
-0.0273139
1.92315
1.92315
2.26446
2.26446
2.26446
1.98058
1.27024
1.27024
1.27024
1.27024
-0.181389
-0.181389
0.68846
1.66826
0.110451
-0.522518
-0.00665998
-0.990863
-0.990863
-0.1284
-1.0061
0.734302
0.734302
1.34627
-0.0269182
-0.0269182
-0.0269182
-1.74478
-0.517209
0.2366
0.292283
0.292283
-0.136812
-0.136812
-0.429249
-1.01521
-0.809391
-0.809391
-0.670752
0.589828
-0.436047
-0.436047
-0.436047
-1.19362
0.505798
0.505798
0.505798
0.0514053
-0.310983
-0.310983
-0.640715
0.68398
0.597588
0.0522548
1.52475
1.52475
2.00094
2.00094
2.00094
2.21544
1.67924
1.67924
1.32011
1.096
1.096
1.096
1.096
-0.386809
-1.09421
-0.203644
0.086261
0.60114
0.551953
0.925646
0.141126
0.141126
1.28148
1.28148
-0.133442
-1.15645
-0.283725
-1.64815
-1.08857
-1.08857
-0.465409
-0.465409
-0.465409
-0.205272
-0.0588396
0.228942
-0.0990704
-0.0990704
-0.0990704
-0.480844
-0.480844
0.228543
0.24747
0.24747
0.24747
0.24747
-1.63148
-1.63148
-1.63148
-1.63148
-1.63148
-0.780501
0.720615
0.720615
-1.09923
-1.09923
-1.09923
-1.09923
-1.09923
-0.319428
-0.319428
-0.319428
-0.319428
-1.89182
-0.541155
-0.230242
-0.0078893
-0.502612
0.709973
0.709973
-0.620128
-0.182393
0.809494
0.809494
1.16478
-0.279815
-0.279815
-0.0982468
-0.896347
-0.896347
-1.85797
-1.85797
-1.85797
-1.85797
-0.246515
-0.200064
-0.200064
-0.200064
1.57076
1.57076
-0.317158
-0.317158
-0.317158
-0.317158
0.181668
0.181668
0.181668
0.1921
0.1921
-0.459298
-0.459298
-0.459298
0.2994
-0.179303
-0.179303
-0.179303
-0.179303
0.319923
1.07882
1.07882
1.95525
1.95525
1.00193
1.00193
-0.0582373
1.79998
1.79998
1.79998
1.79998
1.79998
1.79998
1.79998
1.79998
1.0525
1.0525
1.0525
0.154211
-0.0678156
-0.0678156
-0.354674
-1.45688
-0.0814223
1.38799
1.38799
1.44968
-0.0307211
0.820692
-1.10799
-1.10799
-1.10799
-0.13154
-0.13154
-0.548224
-2.11355
-0.974622
-0.974622
-2.485
-2.485
-2.63943
-2.63943
-2.63943
-2.63943
-0.880813
-1.48756
-0.341821
0.143365
0.143365
0.230519
0.230519
0.230519
0.741925
0.741925
1.76661
1.10391
1.10391
0.472065
1.55931
1.55931
0.612138
0.585483
-0.436512
-1.8913
-2.2279
-2.2279
-1.07118
-1.07118
-1.07118
-1.34807
-0.232819
-0.232819
-0.313767
-0.313767
1.00165
1.00165
1.00165
1.00165
1.61972
0.152291
0.152291
0.152291
-0.00413149
-0.00413149
-0.00413149
1.24434
1.24434
1.24434
1.24434
2.01257
2.01257
2.01257
0.522959
0.522959
0.522959
0.123238
1.03245
-0.211459
-0.211459
0.825449
0.557974
0.557974
0.557974
-0.473186
-0.0392849
-0.0392849
-0.0392849
-0.0392849
-0.0392849
0.025215
1.13658
0.238199
1.06272
1.07413
-0.297642
-0.107761
-0.107761
1.09303
0.694243
1.3273
1.16064
1.16064
-0.761654
-0.345866
-0.345866
0.540516
-0.0633686
-0.0633686
-0.0633686
-1.0847
-1.0847
-1.0847
0.104234
1.07447
1.58396
0.24316
0.24316
0.767973
1.12337
-0.273669
0.221299
0.221299
1.33454
-0.113122
1.60347
1.60347
0.975885
0.975885
0.975885
-0.187512
-0.187512
-0.282162
-0.282162
-0.282162
-1.77005
-1.49561
-1.49561
-1.49561
-0.166506
-0.166506
-0.166506
0.0819533
0.567149
-0.610363
0.238491
-1.04349
-1.04349
-1.99863
-0.222803
-0.827682
-1.05609
-0.199531
-1.81239
-0.165415
-1.37884
-1.37884
-1.37884
-0.335889
-0.335889
0.150348
0.150348
0.394257
0.394257
1.35193
1.35193
0.373078
0.530486
1.14836
1.14836
1.14836
1.14836
1.14836
1.14836
-0.647069
0.312555
0.312555
0.592286
1.01016
0.891793
1.17905
1.47996
1.8612
0.864886
-0.0209002
-0.0209002
-1.23625
-1.23625
-1.23625
-1.23625
-1.23625
-1.23625
-1.23625
-1.23625
0.635668
-1.06466
-1.06466
-1.06466
-1.06466
-1.06466
-0.679673
-0.679673
-2.36955
-2.36955
-2.36955
-2.36955
-2.36955
-2.36955
-2.36955
-2.36955
-2.36955
-2.36955
-2.53157
-2.90093
-1.20662
-1.67143
-1.67143
-1.67143
-1.67143
-1.67143
-1.76569
-1.76569
-1.76569
-1.76569
-1.64307
-1.64307
-0.93843
-1.18091
-1.18091
-1.68674
-1.68674
-2.01629
-2.01629
-2.01629
-2.01629
-1.46572
-0.90203
-0.90203
-0.90203
-0.00449803
-0.00449803
0.853026
0.853026
0.853026
0.55705
0.168598
0.168598
0.109836
0.642827
0.961915
0.961915
0.961915
0.961915
0.817668
0.817668
-0.190611
-0.190611
-0.190611
0.0875904
-0.387697
-0.120862
1.12802
1.12802
1.72888
1.72888
1.72888
1.75663
1.75663
1.78404
1.78404
0.400993
0.400993
0.400993
0.400993
0.400993
0.187505
0.187505
-1.21841
0.764497
0.764497
1.09522
1.09522
1.09522
2.15534
2.15534
2.46382
1.75706
1.97545
0.0860719
-1.30416
-1.30416
-1.30416
-2.05727
-0.251799
-0.251799
-0.585001
0.752297
1.24572
0.557353
0.329126
-1.24548
-1.6808
-1.6808
-1.6808
-0.836987
-0.836987
-1.70668
-1.70668
-1.70668
-1.70668
-1.70668
-2.14205
-1.83837
-1.83837
-1.01926
-1.01926
-2.20614
-1.87443
-1.87443
-0.582066
-0.582066
0.0141155
-0.422576
-0.970463
-0.970463
0.421521
-0.854608
0.665874
0.665874
0.665874
0.665874
1.15898
1.583
1.583
2.4274
1.6389
1.9095
1.9095
1.9095
1.9095
0.704019
0.704019
1.84648
1.84648
1.84648
1.35312
1.53645
-0.32371
0.263912
-1.25501
0.703794
0.703794
0.340765
0.340765
-0.582958
-0.582958
-0.582958
-0.582958
-2.01016
-2.01016
-1.07957
-0.98844
-0.98844
-0.98844
0.258693
0.00273243
0.00273243
0.0418894
0.0418894
-0.956756
-1.00439
-1.00439
-1.00439
0.157809
0.157809
0.157809
1.79445
1.89217
0.178305
0.178305
0.178305
0.37192
0.37192
0.37192
-1.20933
-1.20933
-1.20933
-1.20933
-1.20933
-0.277139
-0.277139
0.817567
0.817567
-1.0382
0.449021
0.449021
-0.4142
0.985099
-0.281941
-0.281941
-1.20156
0.725679
0.725679
-0.689303
-0.689303
0.582134
2.36669
0.979432
0.399959
0.399959
1.08483
1.08483
0.653097
0.653097
0.653097
0.653097
0.653097
-0.140544
-0.140544
0.139082
1.67396
1.17588
0.219766
1.79248
1.79248
1.35842
1.81705
1.81705
1.81705
0.667497
0.575957
0.575957
0.575957
0.575957
0.575957
0.575957
1.66968
-0.162294
1.52701
1.52701
1.52701
1.52701
-0.0727842
-0.0727842
-0.0727842
-0.0727842
-0.0727842
-0.0727842
-0.0727842
0.448239
0.448239
0.448239
1.70824
1.70824
1.70824
1.70824
1.70824
-0.291316
-0.291316
-1.04307
-1.04307
-1.04307
0.281911
0.281911
0.960527
0.776952
0.154002
0.154002
0.154002
0.154002
-0.665444
-1.76896
-0.190685
-0.190685
-0.936937
0.0518888
0.0518888
1.5968
0.263816
0.263816
-0.105744
0.491761
-0.855508
-0.855508
-0.855508
-0.924008
-0.924008
-0.711055
-1.14619
-1.14619
-0.178303
1.25294
1.25294
0.990017
-0.744195
-2.20431
-1.35907
-2.88303
-2.88303
-2.22466
-2.22466
-2.78024
-1.54491
-0.224946
-1.36125
0.177319
0.226821
0.226821
1.24449
1.24449
1.24449
2.09872
0.5189
0.497532
0.177245
0.177245
0.177245
0.177245
-0.0151882
0.976145
0.694595
1.66549
0.0979901
0.0979901
0.0979901
0.0979901
-0.969105
-0.969105
-0.146827
-0.146827
-1.54221
-1.54221
-1.15953
0.252793
0.252793
0.252793
0.252793
-0.0251261
-0.426152
-1.16746
-1.16746
-1.16746
-1.16746
-1.43796
-1.03655
-1.03655
-1.4016
-0.96857
-0.96857
-0.134098
-0.484094
-0.108171
-0.951689
-1.61389
-1.61278
-1.56225
-1.56225
-1.56225
-1.09393
-1.09393
-1.09393
0.3946
0.3946
1.31127
0.738327
0.738327
0.467004
0.467004
-0.220005
-0.220005
-0.220005
-0.220005
-0.220005
-0.220005
-0.220005
-0.00197846
-0.00197846
-1.39922
-1.39922
-0.436933
-0.436933
-1.09312
-0.485495
-0.485495
1.39805
0.471359
0.471359
-1.3678
-2.2443
-2.3828
-2.3828
-2.3828
-2.3828
-1.5404
-1.26569
-0.270556
1.4973
1.4973
1.69391
1.07771
1.07771
1.07771
1.3775
1.3775
1.3775
1.3775
1.3775
1.3775
0.930291
0.546283
1.85001
1.85001
1.86003
1.86003
1.29723
1.29723
1.29723
-0.257033
-1.80746
-1.55467
-1.55467
-1.55467
-1.55467
-1.26792
0.527355
-0.178678
-2.0143
-2.0143
-2.0143
-1.4689
-1.4689
-1.4689
-0.299577
-0.299577
-2.14904
-2.40258
-0.591177
-0.618092
0.882228
-0.2242
0.264468
0.264468
0.264468
-1.06727
-0.300421
0.416945
1.23954
1.23954
1.19209
1.06543
0.402259
0.426543
1.86293
1.21204
1.21204
1.21204
1.21204
1.21204
1.21204
1.12511
0.490022
0.490022
0.5154
-1.45389
-2.66569
-2.66389
-2.66389
-2.50658
-2.50658
-1.5174
-1.5174
-0.170048
0.734779
1.70934
0.316207
0.316207
0.402811
0.402811
0.402811
0.402811
-0.529622
0.726037
0.869169
-0.0336604
-0.0336604
1.49128
1.49128
2.44482
2.44482
2.11517
2.11517
0.527667
0.831532
0.831532
-0.994972
-0.0691829
1.91147
1.91147
1.91147
1.91147
1.91147
0.106106
0.106106
-1.09976
-0.339069
-0.339069
-0.795048
-1.74576
-2.13708
-1.27204
-1.18472
-2.25544
-0.996017
-1.40997
-1.40997
-0.911098
-1.94626
-1.94626
-0.144464
1.5707
1.5707
1.5707
1.5707
1.5707
1.2248
1.2248
2.10963
1.56648
0.457811
0.901946
2.16629
0.925305
0.925305
0.925305
0.925305
1.33865
1.33865
1.33865
1.33865
1.33865
0.655764
0.655764
0.655764
-1.20197
-2.18025
-2.18025
-1.52538
-0.850026
-0.850026
-0.850026
-0.850026
-1.43668
-2.22018
-0.34596
-0.34596
-1.72973
-0.82775
1.04543
1.04543
1.04543
1.04543
-0.917502
-0.381098
-1.71575
-1.71575
-1.61242
-1.61242
-1.61242
-1.61242
-1.61242
0.135202
-0.332021
0.770864
0.770864
-0.17919
1.45939
2.09587
0.273385
0.273385
0.308685
0.308685
-1.16284
-0.873646
-0.873646
-0.873646
-0.33067
0.789543
-0.0135499
-1.56897
-1.56897
-1.56897
-0.929267
-1.58544
-1.58544
-1.58544
-1.58544
-1.58544
-1.58544
-1.58544
-1.58544
-1.58509
-1.58509
-1.58509
-3.16418
-3.16418
-3.03515
-3.03515
-2.14062
-0.517393
-0.1726
-0.1726
-0.1726
-1.05917
-1.05917
-1.05917
-1.05917
-0.898725
-0.898725
-1.32655
-1.62387
-1.62387
-1.62387
-0.152873
-0.152873
0.719943
0.0194878
-1.75655
-0.207095
0.176511
-0.152216
-0.152216
0.0142387
-1.30535
0.662406
1.14454
0.87062
0.87062
0.806613
1.60818
1.60818
-0.110195
-0.110195
-0.110195
-0.110195
1.11837
1.11837
1.81387
1.81387
1.81387
2.26524
0.791306
0.176617
-0.956706
-1.12477
-1.12925
-0.149864
-0.149864
-0.000393884
-0.236767
-0.236767
-0.236767
-0.236767
-1.64605
0.0855585
0.329959
-0.0688733
-0.596986
-1.35759
0.512266
0.512266
0.512266
0.512266
0.512266
-0.451041
1.51867
1.51867
-0.112623
-0.112623
-0.112623
1.43723
-0.254392
-0.254392
-0.667307
-0.667307
0.97115
0.377707
0.994302
-0.284737
-0.920973
-0.861527
-0.861527
-0.861527
-0.464188
-0.464188
-0.464188
-0.464188
1.00641
1.00641
1.97944
2.06003
1.00181
1.00181
1.00181
-0.208797
-0.583307
-0.583307
-0.583307
-0.583307
-0.362253
0.404124
-0.868604
-0.868604
0.990394
-0.483376
-0.399084
-0.65119
-0.65119
-0.241319
-0.241319
0.346424
-0.0829823
-0.0829823
0.633473
-0.963558
-0.139926
-0.139926
-0.139926
1.03444
1.03444
1.03444
0.436256
0.436256
-1.17277
-1.17277
-0.759106
0.819626
0.827816
1.2869
1.2869
1.2869
0.453425
0.781652
1.18405
1.18405
1.18405
1.18405
-0.587346
-0.38403
-2.22189
-0.459791
-0.459791
-0.459791
-0.459791
-0.459791
-0.238322
-1.16996
-1.62664
-1.62664
-1.62664
-1.46633
0.262267
0.262267
0.839001
0.839001
0.839001
0.839001
0.668141
1.10991
1.10991
1.3931
1.3931
1.20389
1.20389
-0.594691
-0.594691
-0.594691
-0.594691
0.74786
0.862328
-0.303382
-0.303382
-0.303382
-0.303382
0.273971
1.46551
2.14811
0.985314
0.985314
-0.479635
0.488728
0.488728
1.5251
-0.0504912
-1.22512
-1.22512
-1.26282
-1.26282
-0.249623
-0.249623
-0.339835
-0.520209
-0.01382
-1.59169
-0.107296
-0.295356
-0.295356
-1.8864
-0.813356
0.727987
0.259793
0.259793
0.259793
0.259793
0.259793
0.259793
0.743561
-0.316674
-0.143168
-0.143168
0.966087
0.966087
0.966087
0.966087
0.646327
0.646327
0.796508
0.796508
2.07978
0.630852
0.377949
0.747235
-0.609358
-0.609358
1.01598
1.01598
1.01598
1.01598
1.12068
0.43344
0.744185
-0.478758
-0.478758
-0.478758
-0.478758
-0.478758
0.386336
0.919404
0.919404
0.508967
-1.04291
0.28492
0.191145
0.191145
1.45138
-0.0190982
-0.0190982
-0.0190982
-0.0190982
-0.420995
-0.420995
-0.181474
-1.15454
-1.15454
-1.15454
-1.15454
0.376507
0.376507
0.376507
0.376507
0.376507
1.27723
1.27723
1.27723
-0.643173
-0.643173
-0.643173
-0.643173
-0.176109
-0.169854
-0.169854
-0.169854
1.74629
1.18103
1.18103
1.18103
1.18103
1.18103
1.18103
0.505413
0.538187
0.538187
0.538187
-1.43919
-0.541251
-0.541251
-0.541251
-0.682961
-0.682961
-0.682961
-0.682961
-0.682961
-0.682961
-2.045
-0.303316
-0.303316
-0.399275
1.45849
1.75291
1.75291
1.75291
1.75291
0.641802
0.641802
0.641802
1.33979
0.0559645
0.0559645
0.48597
-1.44682
-0.438759
-1.58396
-0.457479
1.23544
2.88715
2.88715
2.88715
2.46324
1.13668
1.13668
1.13668
1.13668
2.26301
2.26301
2.54626
0.639397
0.639397
0.639397
-0.629559
-0.404801
-0.0799921
-0.0799921
-0.0799921
-0.0799921
-0.0799921
-1.61131
-1.61131
-1.61131
-0.759528
-0.759528
0.0808664
-0.357518
-1.83224
-1.83224
-1.83224
-0.0905284
-0.0905284
-0.0977534
-0.0977534
-0.0977534
-0.0977534
-1.78745
-1.78745
-1.78745
-1.78745
-1.78745
-1.02193
-1.53095
-0.41377
-0.0517706
-0.0517706
-0.0517706
-0.0517706
-0.0517706
0.00368988
0.00368988
-0.954931
0.509727
0.292148
0.361885
0.943742
1.63729
1.63729
1.63729
1.63729
1.63729
1.63729
1.63729
1.63729
1.63729
1.63729
1.63729
0.557175
-1.37987
-1.37987
-0.243978
-0.243978
-1.53174
-1.53174
-0.923292
-0.923292
-0.923292
-0.923292
-0.923292
-0.923292
-0.923292
-0.273267
0.70847
-1.07479
-1.07479
-1.00215
-1.147
-0.58234
-0.58234
-0.58234
-0.58234
0.620673
1.87229
1.87229
1.87229
0.695649
0.695649
-1.29986
-1.29986
-1.29986
0.157383
-1.13545
-0.699944
-0.699944
-0.994333
-2.17151
-2.17151
-2.17151
-2.17151
-2.17151
-2.13829
-2.13829
-2.13829
-2.13829
-2.13829
-0.323926
0.373408
0.373408
0.373408
-1.11546
-1.11546
-1.11546
-1.44934
-1.44934
0.547215
0.181686
0.181686
0.181686
0.181686
-0.668729
-0.668729
-0.668729
-0.689454
0.307543
-0.130217
-0.130217
-0.86583
-0.149534
-0.149534
0.869929
0.869929
0.869929
0.869929
0.869929
0.274579
0.274579
-1.16096
-0.300842
-0.300842
-0.300842
-0.300842
0.162613
0.162613
0.162613
0.0565148
0.0565148
0.0565148
0.0565148
-1.12386
-0.562384
-0.562384
-1.02525
-0.68033
-0.878388
-0.878388
-0.878388
-0.878388
-0.259651
-0.259651
-0.259651
1.51934
1.56918
0.724131
-0.17679
-0.507423
-0.507423
-0.507423
1.12777
1.12777
0.787961
0.787961
0.787961
0.787961
-0.607142
-0.607142
-0.607142
-0.607142
-2.154
-1.4593
-1.25426
-0.799937
-0.799937
-0.362917
1.13591
1.13591
0.692286
0.692286
0.692286
0.876886
0.38801
0.38801
0.884011
0.0930678
0.413196
0.413196
0.413196
1.54748
1.27347
1.27347
1.27347
1.27347
1.27347
1.27347
1.27347
1.27347
1.27347
0.780819
-0.0789908
-0.719443
-1.17778
0.231149
0.231149
0.231149
1.2656
1.2656
1.2656
1.90607
0.0322395
-1.67631
-1.76869
-1.76869
-1.76869
-1.76869
-1.76869
0.190184
-0.613374
-0.613374
-0.172454
-0.44039
0.547322
0.547322
-0.387776
-0.387776
1.37856
1.02108
1.00535
1.00535
2.47652
1.56576
-0.354792
-0.354792
-0.354792
1.00813
0.737941
1.34039
0.160628
0.160628
0.160628
-1.80475
-1.80475
-1.80475
-1.29489
-1.02844
0.145365
-0.22421
-0.22421
0.965982
0.965982
0.965982
0.965982
1.07108
-0.764038
0.588399
-0.261357
-0.180412
-0.559602
0.259133
0.259133
0.906592
0.906592
-0.303491
-0.303491
-0.361677
-0.361677
-0.361677
-0.21311
1.45359
0.805713
-1.1008
-1.1008
-1.72414
-1.72414
-0.892739
-0.632898
-0.701729
0.969287
2.09985
3.44361
2.95931
2.95931
2.95931
1.89221
0.289212
2.14741
0.645352
1.28718
1.28718
1.28718
0.540463
2.17421
2.17421
2.17421
1.6857
1.96641
1.96641
1.82934
-0.0756169
1.06556
1.06556
1.87405
1.79889
1.56901
0.0703219
0.0703219
-0.487689
-1.24062
-1.24062
-1.09507
0.86949
0.86949
0.86949
0.86949
-0.64653
-0.780112
0.13046
-0.427331
-0.427331
0.499868
0.499868
0.499868
0.499868
0.499868
-0.28825
-0.25119
1.09454
1.53373
0.264724
1.84614
1.84614
1.84614
0.611442
2.05634
2.05634
2.05634
0.763367
0.763367
0.763367
0.763367
0.763367
-0.120662
0.359415
0.520006
1.89607
1.89607
0.545069
0.545069
1.15457
2.20932
0.676884
0.0781417
0.0781417
-1.00229
-1.00229
0.298616
1.78131
1.78131
1.30049
0.98466
0.98466
0.98466
0.98466
0.98466
0.98466
-0.16616
-0.16616
0.899538
1.77833
0.0199244
-1.87279
-1.0877
-1.44645
-1.44645
-1.44645
-0.78482
1.14123
1.14123
0.919225
1.00263
0.466469
1.58423
1.00658
-0.121636
-0.121636
-0.121636
-0.121636
-0.121636
-0.121636
-1.20341
-1.27145
-1.27145
-0.916376
-0.916376
-0.916376
-0.116494
-0.116494
-0.116494
-0.517857
0.321991
-0.72337
-0.117756
0.650952
1.87225
0.856702
2.29002
2.29002
2.29002
0.901728
0.901728
0.901728
0.901728
1.54091
1.54091
1.54091
1.54091
0.492646
-0.888479
-0.888479
-0.791277
0.320714
0.407883
0.407883
0.407883
1.47869
1.47869
1.47869
1.47869
1.47869
1.47869
1.47869
1.62682
0.362831
0.898828
0.0496989
-1.15337
0.500601
-0.453621
-0.453621
-0.456896
-0.456896
-0.902897
-0.902897
0.0685752
-1.40174
0.144752
-1.66533
-1.66579
-1.66579
-0.877026
0.180315
-0.243283
-0.243283
-0.243283
-1.4103
0.438306
0.0977092
0.384458
0.384458
0.384458
1.7314
1.7314
-0.0566859
-0.0566859
-0.0566859
-0.0566859
-0.0566859
-0.0566859
-0.0602112
-0.19287
-0.00317253
-0.00317253
-1.38399
-0.15192
-0.15192
-0.15192
-0.15192
-0.851199
-0.851199
1.07266
0.698466
0.698466
0.698466
-1.00821
-1.00821
-1.25018
-1.25018
-1.25018
-2.06569
-2.06569
-2.06569
-2.06569
-0.706166
-0.706166
0.297506
-0.886674
-0.886674
-1.04516
0.214054
0.214054
0.389162
-1.41947
-1.20046
-0.458137
1.51779
1.95466
1.71269
1.11355
1.11355
1.11355
1.11355
1.11355
1.11355
1.45396
1.45396
1.45396
1.45396
1.45396
1.05648
0.00518503
0.00518503
-1.1259
-1.1259
-1.1259
-1.1259
0.806327
0.806327
-0.974103
-0.974103
-0.974103
-0.974103
-0.974103
0.67366
0.67366
0.67366
0.67366
-0.026866
-0.026866
0.543765
0.543765
-0.277922
-0.258297
0.990274
0.990274
0.038546
0.038546
-1.15616
-1.15616
-0.00508706
-0.00508706
-0.00508706
-0.00508706
-0.598579
-0.598579
-0.598579
-1.1484
-1.42117
-1.50333
-0.238043
-0.238043
0.177464
0.546879
0.546879
0.546879
0.0359714
-1.05565
-1.05565
-0.25805
-0.666057
-0.666057
-1.31898
-1.31898
-1.31898
-1.31898
-1.31898
-1.31898
-0.905654
-0.905654
0.911649
0.911649
-0.649091
0.391983
1.19788
1.19788
1.05317
1.05317
-0.228238
-0.228238
-0.228238
-0.228238
-0.228238
0.650134
1.648
1.648
0.0497056
0.0497056
0.0497056
-1.29154
-1.29154
-1.29154
-0.0537558
-0.0537558
0.00289006
0.456286
0.456286
0.456286
0.456286
-0.696473
0.223587
0.0635553
0.0635553
0.0635553
0.0635553
-0.756431
-0.756431
-0.756431
0.467839
0.467839
-1.05646
-1.05646
-0.0890008
-0.0890008
-1.48806
-1.48806
-1.48806
-0.302826
-0.302826
-0.706529
-0.706529
-0.706529
-1.61031
-1.61031
-0.523294
0.977572
0.370365
0.846396
0.846396
0.846396
0.846396
0.331485
0.331485
0.331485
0.331485
-1.30159
-0.688378
0.79579
0.55796
0.55796
0.55796
0.857281
0.857281
0.857281
1.45982
1.45982
1.45982
1.45982
1.03446
1.27563
1.27563
2.27796
2.27796
1.12098
0.67614
0.67614
0.67614
0.67614
-0.297008
-0.367614
-0.367614
-0.367614
-0.367614
-0.769746
0.355543
-0.171934
-0.751539
0.256915
-1.16818
-1.16818
-1.3231
-1.86297
-0.891466
-0.891466
-1.19446
-1.19446
-1.19446
-1.48427
-0.0858845
-0.0858845
1.02108
0.018939
0.018939
1.21785
1.21785
1.21785
1.21785
1.58684
-0.378804
-0.378804
-1.42337
-1.39489
-1.39489
-1.39489
0.0170886
1.31765
-0.311343
1.01267
0.463543
0.463543
-1.2666
-1.2666
-0.980258
0.685273
-1.05755
-0.366325
-0.0390946
0.921911
0.921911
0.921911
0.921911
0.921911
2.18782
1.08671
1.45531
0.594489
1.36914
-0.00500189
0.429225
1.04202
1.04202
-0.926318
-0.984743
-0.984743
-0.984743
0.654571
2.11099
1.25521
-0.083824
-0.083824
-0.083824
-1.33421
-1.33421
-0.876768
-0.876768
-0.876768
0.631124
0.631124
-1.20111
-1.20111
0.445507
-0.260987
-0.583927
0.317924
0.317924
1.26649
-0.66209
-0.408959
0.725447
0.725447
0.725447
-0.976231
-0.976231
-0.976231
-0.976231
0.662453
2.48423
2.48423
2.01849
0.914982
1.51744
1.51744
2.53992
2.53992
2.53992
2.53992
0.971467
0.971467
0.971467
0.971467
0.971467
0.971467
0.971467
0.0444782
1.73774
1.1074
0.542722
0.542722
-0.847588
-0.847588
0.0445923
0.0445923
-1.71077
-1.71077
-1.22198
-1.22198
-1.22198
-1.10372
-0.381934
-0.381934
-0.381934
-0.278577
0.288085
-1.42486
-0.34939
-0.34939
-0.34939
-1.07825
-1.07825
-1.07825
-1.17946
-1.91541
-0.376271
-0.487792
0.127806
-0.885196
-0.885196
-1.14691
-1.14691
-1.14691
0.796214
0.984216
0.984216
0.984216
-0.873792
-0.873792
-0.197682
-0.197682
-0.197682
-0.197682
1.40932
1.40932
2.75734
1.18952
0.985351
0.985351
1.3612
1.3612
2.81949
2.81949
1.05072
1.05072
1.83236
1.83236
0.462546
-0.82919
-0.964592
-2.49166
-2.49166
-1.47684
-1.47684
-1.47684
-1.47684
-1.11687
-1.11687
-1.11687
-1.11687
0.154098
1.43771
1.17447
1.17447
1.17447
1.9223
0.773281
0.0697743
-0.134279
0.719941
1.43781
1.43781
1.11675
1.66725
1.66725
0.854509
-0.112035
0.982838
-0.408767
0.275543
0.275543
-0.0978745
-0.0978745
-0.0978745
0.0842002
-0.220692
0.505087
2.12965
2.12965
0.376896
-0.0119178
1.7011
1.7011
0.85406
1.61741
-0.0154636
-0.0154636
-0.0154636
-1.77246
-1.63201
-1.63201
-0.209266
-0.209266
1.30984
1.30984
1.30984
1.30203
1.30203
1.30203
1.30203
0.260272
0.260272
1.06136
1.83335
1.83335
1.76318
1.76318
1.76318
1.76318
1.76318
0.0535171
1.64463
1.64463
1.64463
2.05605
2.05605
2.05605
2.05605
2.05605
1.0418
0.278377
0.278377
0.278377
0.278377
0.278377
0.278377
-0.766845
-0.766845
1.15852
1.28582
0.985545
2.59742
1.29555
1.11124
1.11124
0.541416
0.541416
1.94743
1.94743
1.74138
1.74138
1.74138
1.74138
0.983217
0.983217
0.983217
-0.0268753
-1.02049
-1.02049
-1.0739
-1.0739
0.568865
-0.390578
-1.77309
-0.37694
-0.805374
0.560435
-1.29914
-1.29914
-1.29914
-1.29914
-1.29914
-0.38527
-0.38527
-1.85774
-1.85774
-1.85774
-1.91348
-1.91348
-1.29425
-1.29425
-1.29425
-1.11292
-1.81483
-0.0778521
-1.57561
-1.57561
-0.928014
0.779093
0.779093
0.779093
0.779093
0.779093
-0.635985
-1.65632
-1.65632
-0.614489
-0.614489
1.06178
1.06178
1.06178
1.06178
1.06178
0.729823
0.729823
-0.0599278
-0.0599278
0.542117
0.542117
0.211786
1.41961
2.08381
1.10804
-0.453754
-0.453754
0.478262
0.478262
0.478262
1.22579
1.13092
-0.627646
-0.627646
-0.627646
-0.623099
-0.623099
-0.792388
-0.792388
1.10369
-0.887418
-0.887418
0.839381
0.814554
0.814554
0.814554
0.257372
-1.56032
-1.56032
-1.56032
-1.90945
-1.90945
-1.90945
-0.292927
-0.292927
-1.19862
-1.19862
-1.19862
-1.19862
-1.19862
-1.19862
0.437101
-0.769976
-1.75644
0.0111827
0.0111827
0.0111827
0.0111827
-1.08576
-1.51988
0.02732
-0.233882
-0.190101
-1.95635
-2.14753
-2.14753
-2.14753
-2.79227
-1.95451
-1.95451
-1.74599
-1.17116
-1.26946
-0.983714
-0.983714
-0.983714
-0.983714
-0.781107
-1.21965
-1.04632
-0.637814
-0.222635
-0.222635
0.242722
0.732466
0.732466
0.732466
0.00606785
-0.522251
-0.936534
-0.0522959
-1.00092
-1.00092
-0.504626
1.37882
-0.17057
0.00732218
0.00732218
0.246977
0.210407
0.210407
-0.272316
-0.272316
-1.01764
-1.01764
-1.01764
-1.15763
-1.90902
-1.90902
-0.012421
-1.50298
-1.50298
-0.155903
-0.155903
-0.155903
-0.155903
-0.85509
0.664953
0.0584702
0.404032
-0.440038
1.01053
-0.721661
-0.721661
0.952335
0.952335
0.952335
-0.89629
0.994613
2.14755
2.14755
1.1992
1.01057
1.01057
1.01057
0.00515672
-0.247016
-0.247016
-1.34222
-1.34222
-0.0508099
1.11591
1.11591
1.52162
1.52162
0.678384
0.678384
-0.0481215
-0.569541
-0.569541
-0.569541
0.717428
0.484953
1.8773
-0.0726563
-0.0255415
-1.85823
-1.85823
-1.85823
-0.0494719
1.62499
0.290663
0.290663
0.290663
0.290663
1.64593
1.64593
1.01843
1.01843
0.39815
-0.736246
-0.736246
0.478957
-1.37247
-1.37247
-0.0299197
-0.0299197
-1.44485
-1.89855
-0.364641
-0.255324
-0.255324
0.547505
0.547505
0.325864
0.0521351
-1.84918
-1.84918
-1.3224
-1.3224
-0.535727
1.09727
-0.0781614
-1.69305
-1.57666
-1.57666
-0.483162
-0.483162
-0.483162
-0.483162
0.398915
0.398915
1.14035
1.14035
1.14035
-0.0806491
0.606337
0.606337
0.606337
0.606337
0.606337
-0.897356
-0.897356
-0.72031
0.399096
0.634539
0.634539
0.634539
-0.0609384
1.00726
1.00726
1.00726
1.00726
1.00726
1.00726
1.00726
-0.0310296
-0.758928
-0.758928
-0.758928
-0.459569
1.21695
1.21695
-0.133448
-0.133448
-1.45031
-1.45031
-1.40455
-1.40455
-1.32633
-0.162023
-0.162023
-0.162023
-0.162023
-0.934277
0.190985
-0.951329
-0.951329
-1.56974
-1.56974
-2.55542
-0.83428
-0.83428
-1.4024
-1.4024
-1.4024
-1.4024
-1.4024
-1.0933
-1.21432
0.504085
2.03341
2.03341
2.03341
2.03341
1.24257
1.24257
-0.599393
-0.599393
-0.599393
-0.599393
-0.599393
-0.599393
0.899012
0.899012
0.899012
0.899012
0.521905
1.57421
0.185881
0.369217
-1.14885
0.59599
2.02348
1.67375
1.67375
0.947289
0.947289
0.947289
1.31824
-0.641624
-1.4843
-1.08045
-1.08045
-0.565626
-0.565626
-0.565626
-1.17609
-1.17609
-0.155164
-0.155164
-0.155164
-0.155164
0.523976
0.469702
0.469702
0.784019
0.784019
-0.0454081
-0.0454081
-0.0454081
-0.0454081
-0.0454081
-0.151399
-0.973098
-0.973098
-0.751931
-0.751931
-0.751931
-0.508296
-0.508296
0.51072
0.51072
-0.47678
-1.21022
-1.21022
-1.21022
-1.40106
-1.40106
-0.92207
-0.92207
-0.92207
0.583043
-1.2409
-1.08346
-1.08346
-0.489438
0.421994
0.421994
0.421994
0.421994
-0.163909
-0.427354
-1.51848
-1.51848
-1.51848
-1.51848
-1.51848
0.156319
-0.654671
-1.48378
-1.11223
-1.11223
0.546813
0.546813
0.546813
0.546813
0.546813
0.493684
1.16115
1.16115
0.659338
0.659338
0.659338
0.448445
0.448445
1.52053
1.0943
1.14862
-0.323298
-2.01245
-2.01245
-2.14096
-2.14096
-2.14096
-1.73687
-0.554367
1.39211
1.39211
1.39211
1.39211
-0.175137
-0.311837
-0.311837
-0.419837
-0.448796
-0.448796
1.3271
2.60575
1.92671
0.409064
0.409064
0.644068
-0.792729
-0.792729
-0.25121
-0.219124
-1.99869
-1.99869
-1.99869
-1.99397
-1.99397
-1.70197
-1.46482
-1.46482
-1.46482
-1.46482
-1.46482
-1.72439
-0.228681
-0.451758
-2.39857
-1.63535
-1.63535
-1.63535
0.0581855
0.0581855
0.0581855
1.0313
0.0839676
-1.65636
-0.805673
-0.805673
-0.805673
-0.805673
-0.805673
-1.65353
-1.1338
0.811221
0.811221
0.811221
-0.953714
-1.51745
-1.51745
-2.02844
-0.707952
0.889512
0.889512
0.889512
0.889512
0.366664
2.015
1.75486
1.75486
2.59171
2.0902
0.677704
0.677704
-0.53111
-0.53111
0.900204
-0.249905
0.419751
-0.971593
0.714812
0.714812
-0.00594386
-0.00594386
-0.00594386
0.306715
0.306715
0.723288
-0.540221
0.11582
-1.56603
-1.56603
-1.56603
-1.56603
-1.56603
-0.236205
-0.335983
-0.0158341
-0.0158341
-0.0158341
-0.0158341
-0.0158341
-1.70968
0.0984862
0.0984862
0.0984862
0.156269
0.156269
0.156269
0.156269
-0.961525
-0.961525
-2.051
-2.051
-2.051
-1.17699
-1.17699
-1.17699
-1.20172
-1.20172
-0.185734
-0.185734
1.10862
1.10862
0.882393
-0.33295
-0.33295
0.290683
0.295806
0.363928
-0.611406
-0.611406
-0.611406
-0.611406
0.81048
1.31779
1.31779
1.31779
1.31779
1.31779
1.72723
1.72723
2.87018
2.87018
2.87018
2.12005
2.12005
2.12005
2.12005
2.48457
2.48457
1.23931
1.23931
1.23931
1.23931
1.25323
1.25323
1.43279
0.652218
0.652218
1.74658
1.74658
2.01774
0.694818
1.36129
0.118306
0.118306
0.566478
-0.332528
-0.531565
-0.333011
-0.333011
1.07541
0.816398
0.816398
0.816398
0.85048
1.06738
0.789891
-0.462333
-0.462333
0.163579
-0.263077
-0.263077
-0.263077
-0.263077
-0.263077
-1.41262
0.475391
0.475391
-1.18133
0.0971898
0.718705
0.718705
-0.961034
-1.13719
-1.13719
-1.13719
-1.14621
-1.14621
-2.14301
-0.454189
-1.83037
-1.83037
-1.83037
-1.83037
-1.22608
-1.22608
-1.22608
-1.22608
0.311248
0.311248
0.462283
1.29763
1.29763
1.55293
1.55293
1.55293
1.55293
0.124636
0.124636
0.124636
-0.975088
-1.96181
-1.96181
-1.96181
-1.40747
-1.40747
0.36648
-0.11452
-0.11452
0.032643
0.032643
-0.516388
0.780558
0.780558
-1.09847
-0.0214641
0.173145
0.173145
-0.815641
-0.815641
-0.0644865
1.37337
1.37337
1.37337
-0.0921237
0.0768842
0.0768842
-0.683197
-0.415587
-1.31689
-0.862887
0.231537
0.231537
0.231537
-0.499221
-1.91112
-0.602957
0.271698
-0.835405
-0.835405
-0.835405
-1.2151
-1.2151
-1.2151
-1.76569
-1.65565
-0.46228
-0.46228
-0.46228
-0.46228
-0.46228
0.213935
0.213935
0.213935
0.213935
0.213935
0.213935
0.213935
0.213935
0.213935
-0.10109
-0.10109
1.50705
1.50705
0.665893
0.665893
-0.628608
0.525063
0.525063
0.525063
0.525063
1.39831
1.39831
2.1005
0.420571
0.420571
0.420571
0.420571
0.420571
0.420571
0.203085
-1.56164
-1.56164
-1.56164
-1.56164
-1.20631
-1.20631
-0.596826
0.823116
0.823116
0.823116
0.823116
0.823116
1.2706
1.2706
0.376358
0.376358
0.376358
0.376358
0.376358
0.376358
0.339958
1.13665
1.13665
1.13665
1.13665
0.193077
-0.660807
-1.07161
-1.07161
-1.07161
-1.07161
0.539104
0.539104
1.56178
1.56178
1.56178
1.56178
1.56178
0.401068
-1.11683
-0.187939
-0.187939
-0.0906983
-0.0906983
-0.626564
-0.626564
-0.809541
-0.861139
-1.09132
-1.09132
-1.09132
0.146005
-0.370776
0.270153
1.37216
1.37216
0.607491
0.607491
0.607491
-0.651875
-0.167833
-0.167833
-0.167833
-0.167833
-0.0748162
-0.0748162
-0.0748162
-0.0748162
-0.0748162
-0.0748162
-0.0748162
-0.0748162
-0.0748162
-1.92884
-1.07613
-1.07613
-0.408173
-0.408173
-0.408173
-0.408173
-0.0481282
1.92469
1.92469
1.54184
1.54184
1.54184
0.754929
0.0825992
0.0825992
0.0312265
1.1754
1.1754
2.0016
2.0016
2.0016
2.0016
1.68209
1.48867
0.945913
0.945913
0.945913
2.03974
0.105099
0.105099
0.828087
0.702362
1.98756
1.83674
1.83674
-0.0183278
-0.0183278
-0.68549
-1.37006
-1.37006
-0.0250541
0.0406521
0.0406521
0.0406521
0.0406521
-0.363582
-1.17766
-1.17766
-0.493763
-0.493763
0.141311
-0.721827
-0.721827
-0.721827
-0.721827
1.2062
1.2062
-0.212542
-0.212542
-0.212542
-1.00189
0.0204085
0.0638632
0.697802
0.378108
1.58822
0.102221
0.102221
-0.222024
-0.222024
-0.7432
-0.7432
-0.31694
-1.89367
-1.89367
-0.559621
-0.559621
-0.559621
-0.559621
-0.6753
-0.115017
-0.115017
0.32579
0.32579
0.32579
-0.95623
-0.95623
-0.95623
-0.95623
-0.95623
-0.444513
-0.444513
-1.23883
-1.17207
-1.17207
-1.17207
-1.17207
-1.17207
-1.17207
-1.17207
0.704548
0.704548
1.57569
1.57569
1.57569
1.57569
2.19981
2.19981
2.19981
2.19981
2.19981
0.362021
-0.158342
-0.505977
-0.505977
-1.12342
0.81811
-0.281462
1.62797
1.62797
1.62797
0.551472
0.551472
-0.495519
1.17069
1.83834
1.83834
1.83834
1.83834
1.83834
1.4278
1.4278
-0.0562626
1.03668
0.876276
0.876276
0.0512122
0.0512122
0.0512122
0.0512122
1.42331
1.42331
0.934857
1.18985
1.18985
1.18985
2.57978
2.57978
1.84899
1.84899
1.84899
1.47098
1.47098
1.47098
-0.353986
0.0654302
-1.79146
-1.79146
-0.759807
-2.15603
-2.15603
-2.3102
-2.3102
-0.867506
-0.884568
-0.884568
0.915059
0.915059
0.869769
0.096883
-1.17744
-1.17744
-1.49012
-0.807013
-0.171021
-0.171021
0.154522
0.154522
-0.537852
-1.15777
-1.08381
-1.08381
-0.306185
-0.306185
0.384566
0.384566
0.384566
-0.639018
-0.249164
1.17314
0.797644
1.81707
1.81707
0.92219
1.13749
0.736356
-0.945605
-0.945605
-1.37501
-1.37501
0.366262
0.398429
0.749133
0.749133
0.749133
0.749133
0.749133
1.00646
-0.547962
0.893022
0.893022
-1.04471
-1.30175
-1.30175
-1.30175
-1.30175
-1.30175
-1.30175
-0.322304
-1.26273
-0.789271
0.583054
0.583054
1.87913
0.265796
-1.38101
-1.38101
-1.38101
-1.38101
-1.38101
-0.0758012
-0.674976
-0.481777
0.638495
1.47897
-0.343336
-0.784592
-0.295985
1.23397
1.23397
1.23397
1.23397
0.520165
-1.41349
-0.612004
-0.612004
-0.612004
-0.612004
-0.987794
-1.76209
-1.675
-1.675
-1.675
-2.03714
-2.03714
-1.77488
-2.00114
-0.742951
-0.742951
-0.742951
-0.742951
-0.742951
-0.742951
-0.742951
0.480276
0.480276
0.480276
-0.118728
1.67932
1.67932
-0.160442
-0.160442
-0.160442
-0.160442
-1.64954
-1.22174
-1.22174
-0.831796
-0.689446
-0.553407
-0.553407
-0.949901
0.883571
-0.156259
-0.596031
-0.596031
-1.86134
-0.290423
-0.26084
-0.475514
-1.6801
-1.6801
-1.6801
-0.52342
0.152635
-0.107475
1.09956
1.09956
1.09956
1.09956
1.09956
1.09956
-0.285755
-0.285755
-0.285755
-0.00878333
-1.71889
-0.1931
-0.1931
-0.1931
-0.1931
-1.29658
-1.19129
-0.131074
1.10022
0.414246
-0.508013
-0.091787
-2.01906
-0.898595
-0.898595
-0.898595
-0.707774
-1.5641
-1.5641
-1.34434
-0.3823
-0.3823
-0.3823
-0.3823
-1.40561
-1.40561
-0.868053
-0.868053
-0.868053
-1.03888
-1.03888
-1.03888
-1.03888
-1.03888
-0.028014
-0.028014
-1.71852
-1.71852
-1.71852
0.111862
0.111862
0.869457
0.869457
0.869457
-0.8259
-0.8259
-0.8259
-0.8259
-0.8259
-0.825835
0.386788
0.717012
0.717012
0.717012
0.717012
0.717012
0.717012
0.717012
0.264328
-1.17233
-1.37384
-2.2218
-2.2218
-2.2218
-2.2218
-2.2218
-2.2218
-0.524259
-0.524259
-0.524259
-0.524259
-0.524259
-1.96802
-1.96802
-0.04067
-0.04067
-0.04067
0.71853
-0.982888
-0.982888
-0.410097
-0.410097
-0.410097
0.726889
0.726889
0.726889
0.726889
1.27687
1.27687
1.90466
1.6963
1.6963
1.6963
1.6963
1.51669
0.63941
1.35608
1.35608
1.35608
0.125494
0.125494
-1.50164
-1.15832
0.39007
1.07466
0.928536
0.928536
0.182552
0.182552
-0.21683
-0.21683
-0.21683
-0.21683
-0.21683
-0.764988
-0.764988
-0.764988
-2.42948
-1.46898
-0.547481
-0.547481
0.106537
1.80544
1.09495
1.09495
1.17426
0.176219
-0.51909
0.380751
0.829435
0.756912
0.756912
1.46421
1.46421
2.01329
2.01329
2.01329
2.01329
0.938468
0.743208
0.743208
0.743208
-0.475043
-0.475043
-0.170935
-0.170935
-0.51182
-1.51409
-0.220973
-1.49698
-1.49698
-1.49698
-1.67275
-1.67275
-1.55901
-1.55901
-1.90858
-1.90858
-1.90858
-1.90858
-1.90858
-1.90858
-1.90858
-1.90858
-1.90858
-1.90858
-0.544261
-0.544261
-0.544261
-0.275984
-1.61856
-1.93472
-1.93472
-1.93472
-1.93472
-1.93472
-1.93472
-1.93472
-1.93472
-1.35871
-2.15362
-0.333468
-0.333468
0.811138
0.93324
0.93324
2.51326
2.16495
2.16495
2.16495
2.16495
2.16495
2.16495
1.39745
1.39745
1.15127
1.35095
1.35095
1.35095
-0.255395
-0.255395
-1.90713
-1.90713
-1.56051
-1.68137
-1.89183
-0.152098
-0.152098
1.14712
0.444862
0.444862
0.444862
0.444862
0.521531
0.521531
-1.24423
-1.24423
-1.24423
-1.24423
-1.24423
-1.24423
-1.24423
-1.56855
-1.56855
-1.46591
-1.57609
-1.57609
-1.57609
-1.57609
-1.57609
-0.790463
-1.68598
-1.68598
-1.68598
-0.013747
0.0620642
0.0620642
0.0620642
0.0620642
0.0620642
-1.4602
-1.05674
-1.05674
-1.05674
-1.05674
-1.05674
-0.598839
-1.51729
-0.956671
-0.956671
-0.956671
-0.956671
-0.956671
-0.956671
-0.956671
-0.956671
0.00411042
0.637448
-0.726996
1.22478
1.22478
1.22478
0.692069
0.211779
0.211779
0.211779
-1.73499
-1.73499
-1.73499
-0.543191
-1.15716
0.663412
0.663412
0.47352
0.450232
0.247505
1.48011
1.48011
-0.473132
1.19996
-0.571164
-0.639661
-0.857979
-0.857979
-0.857979
-0.857979
-0.857979
-0.857979
-0.857979
-0.857979
-1.65871
-1.81571
-1.81571
-1.26381
-1.26381
-1.26381
-0.65439
0.669502
0.669502
0.669502
0.669502
1.45303
1.52135
1.52135
1.52135
1.52135
1.16686
1.16686
1.16686
1.16686
1.16686
0.689607
-0.946774
0.706776
0.706776
0.706776
0.706776
0.706776
-0.253268
0.736515
0.736515
0.736515
-1.03643
0.847225
0.847225
0.847225
0.847225
0.847225
0.847225
0.0817647
0.0817647
0.0817647
0.0817647
0.0817647
0.505756
0.820906
1.02799
0.395247
0.475457
1.07473
-0.394118
-0.262583
-0.262583
1.11347
-0.00739268
-0.00739268
-0.502994
0.910144
0.910144
0.657832
0.657832
0.657832
0.739938
-0.31527
-0.799568
-0.799568
0.187355
0.187355
0.187355
-1.39415
-1.39415
-1.39415
-1.39415
-1.21168
-1.21168
-0.491421
-0.186239
-1.04475
-0.898475
-0.898475
-0.666828
0.336331
0.336331
0.336331
0.336331
0.282189
1.27618
0.288337
0.288337
0.288337
-1.23097
-1.82874
-0.79323
-0.241149
-1.68973
-1.68973
0.0686833
0.0686833
0.0686833
-0.156715
1.00134
1.00134
1.00134
0.523581
-0.673219
-0.673219
-0.673219
0.292815
0.292815
0.977755
-0.00347715
-0.00347715
1.10072
1.10072
1.10072
0.278479
0.588226
0.588226
-0.677085
0.00571586
0.163967
-1.11478
-1.11478
-1.34013
-0.516732
-0.344703
-0.344703
-0.836594
-0.266598
-0.769718
0.424017
-0.598602
0.595507
0.579503
-0.17033
-0.17033
1.18654
0.347416
0.347416
0.347416
0.772647
-0.740798
0.433239
0.433239
-0.863964
-0.863964
-2.66449
-2.37461
-2.37461
-0.819681
0.713418
0.713418
0.713418
0.713418
-0.360736
1.28609
1.18517
1.18517
1.18517
1.18517
0.540871
0.605791
0.605791
-0.612936
-0.612936
-1.63333
-1.63333
-1.63333
-1.63333
-1.63333
-0.87436
-0.87436
-0.358781
1.19241
-0.181104
-1.0148
-1.1911
0.290648
-1.62438
-1.62438
-1.62438
-1.62438
0.293224
0.293224
-0.811979
-0.22825
-0.182469
0.888148
0.888148
0.888148
0.888148
0.888148
0.888148
0.888148
-0.136206
1.44646
1.44646
1.44646
1.09342
1.09342
1.09342
1.09342
0.531913
0.531913
0.0181983
0.0181983
-1.03987
-0.374658
-0.374658
-0.374658
-0.374658
-0.374658
-0.374658
-0.374658
-0.374658
-0.374658
-0.374658
-0.374658
1.58583
1.58583
1.58583
1.58583
1.58583
1.58583
1.58583
0.0129028
-0.167141
-1.39642
-1.39642
-0.631044
0.436098
0.436098
0.436098
0.436098
-0.762879
-0.762879
-0.762879
-0.762879
-0.762879
-0.762879
-0.762879
-0.845571
-0.845571
0.297361
0.297361
-0.254848
-0.254848
-0.341671
-0.341671
-0.341671
-0.341671
-0.246408
-0.246408
-0.246408
1.07573
1.07573
-0.585153
1.10481
1.10481
1.10481
-0.0419967
-1.21445
0.304198
0.180657
0.180657
-1.58263
-1.58263
-1.58263
-0.292727
-0.461909
-2.30463
-0.740944
0.642951
0.737784
-0.574362
0.460349
-1.1428
-1.1296
-0.670945
-0.829542
-2.01848
-2.01848
-0.581468
-0.581468
-0.581468
-0.581468
-0.402083
-0.402083
-0.402083
1.1747
1.1747
1.1747
1.14995
1.14995
1.53279
1.53279
-0.378398
-0.378398
-0.378398
-0.378398
1.38771
1.38771
1.38771
1.38771
1.69783
1.69783
2.22736
1.36491
1.36491
1.08595
1.08595
1.08595
1.08595
1.08595
1.08595
1.08595
-0.0193619
-0.0193619
-1.45529
-1.45529
-1.37346
-1.37346
-1.37346
-1.37346
-1.37346
-2.01456
-0.481583
-0.481583
0.885761
0.360268
0.360268
0.713519
-0.475386
-0.694741
-0.694741
0.37618
-1.2745
0.661392
-0.171746
-0.171746
-0.171746
1.08202
1.08202
-0.495111
-0.249414
-1.47077
-0.0551378
0.598883
-1.26424
-1.26424
-1.26424
-1.26424
-0.669024
1.31958
-0.228965
0.96215
-0.222856
-0.222856
1.31817
1.31817
-0.5467
-1.07475
-0.590584
-0.636239
-0.636239
0.499624
0.499624
0.499624
0.499624
1.54683
1.54683
1.54683
1.54683
1.54683
2.31538
2.31538
2.31538
2.31538
2.31538
2.31538
2.31538
2.31538
1.5828
1.76624
1.76624
1.63891
1.63891
0.0312899
0.764052
0.764052
1.7422
1.7422
1.7422
0.3602
0.3602
0.3602
0.988159
0.988159
0.988159
-0.771919
-0.771919
-0.604037
-0.604037
-1.23724
-1.23724
-1.23724
-1.23724
-2.32712
-2.32712
-1.00927
-1.00927
-1.42018
-1.42018
-0.206663
-0.206663
-0.206663
0.031605
0.031605
0.151154
-0.601457
-0.601457
1.27176
0.08082
-0.454957
-0.454957
0.0167818
0.468316
1.40838
0.672988
0.672988
0.672988
0.672988
-0.878546
-0.878546
-0.712861
0.699841
1.56396
1.56396
1.18898
1.62988
1.40633
1.40633
1.10932
1.10932
1.10932
0.421639
0.421639
0.421639
0.421639
-0.284248
-0.284248
0.258688
0.540714
0.540714
0.540714
0.540714
0.540714
0.540714
1.22365
0.302854
0.302854
0.302854
0.302854
1.45491
1.45491
0.392129
2.20224
0.492108
-0.31541
-0.31541
-0.546957
-0.546957
-0.439425
-0.304777
-0.304777
-0.304777
0.0400259
-1.8471
-1.8471
-1.8471
-1.8471
-0.373377
-0.282547
0.707668
0.707668
-1.24416
0.256407
1.77207
0.0228215
-0.479872
-0.479872
-0.479872
0.638644
0.638644
0.638644
0.638644
0.638644
-1.04384
-1.04384
-1.04384
0.12035
-0.563196
-0.563196
-0.121523
-0.0786792
-2.05077
-2.05077
-2.05077
-2.47747
-1.10435
-1.10435
-1.74172
-1.23699
0.747208
0.747208
0.747208
0.361465
-0.0855341
-0.0855341
-0.802282
-0.326
-0.326
-0.907631
0.612735
-1.33237
-1.33237
-1.33237
-1.33237
-1.33237
-1.33237
-1.33237
-0.0574655
-0.0574655
-0.0574655
0.813005
0.813005
0.813005
2.1848
1.10499
1.10499
0.452357
0.452357
0.452357
0.452357
0.452357
0.167621
1.81149
2.19201
2.19201
2.19201
1.28457
1.34204
1.34204
1.17586
-0.775499
-0.775499
0.411983
0.304536
0.296275
0.296275
0.64863
0.64863
0.64863
0.64863
0.64863
0.64863
1.2192
0.429693
1.00241
1.00241
1.00241
0.245481
0.245481
0.245481
0.571781
0.571781
1.94746
0.695482
-0.346974
-0.384009
-1.49781
-0.647789
-0.647789
-1.24175
-1.24175
-1.24432
-1.24432
-1.72138
-1.72138
-1.72138
-1.67219
-1.38992
-1.28465
-1.44853
-1.44853
-0.892847
-0.892847
0.851291
0.851291
0.851291
0.15636
-1.47796
-1.08476
0.390969
0.390969
-0.0130746
-0.0130746
-0.0130746
1.22668
1.22668
1.22668
1.22668
1.22668
1.22668
1.56936
1.56936
0.124963
0.93853
2.68643
1.31476
0.234079
-0.377489
-0.902695
-0.599339
-0.599339
-0.760121
-1.78049
0.0707563
1.53964
0.250368
1.19855
1.19855
0.650417
0.650417
0.226702
0.226702
-0.794369
-0.124684
-0.79008
-0.235789
-0.497625
-0.795131
0.784429
0.784429
0.354062
0.117575
0.117575
0.117575
0.899726
0.899726
0.899726
2.51428
2.51428
2.64055
2.77453
2.77453
2.77453
1.93772
1.63436
1.12488
2.14805
0.386588
-0.370478
1.30005
0.276128
0.276128
-1.21001
-1.21001
-0.4611
-0.4611
0.729095
0.729095
0.322732
-1.02072
0.693433
0.693433
-0.412335
-0.00293715
-1.59659
-0.179334
-0.179334
-1.69925
-1.17619
-1.17619
-1.17619
-2.39951
-1.40879
-1.91739
-1.91739
-1.67849
-0.193297
-0.193297
1.23235
0.976589
1.04416
1.04416
-0.123261
-1.01364
-1.01364
-1.01364
-1.01364
-1.15122
-0.0530952
1.21243
1.21243
1.21243
1.21243
1.21243
1.21243
0.528627
1.47956
0.649175
0.442972
0.442972
-0.481489
-1.07024
-0.329886
-0.329886
-0.835919
0.702915
-0.827706
-0.827706
-1.6015
-0.812644
-0.812644
1.07356
1.07356
-0.411146
-0.222454
-0.222454
-0.222454
-0.222454
0.6233
-0.412695
-0.412695
-0.412695
0.187739
0.0830541
0.0830541
0.0830541
0.0830541
-0.852581
-0.852581
-0.852581
-0.852581
-0.852581
-0.852581
-0.852581
-0.326434
-0.326434
-0.326434
0.95812
-0.698082
-0.698082
0.0288937
-1.14246
-1.14246
-0.186151
0.731933
-0.297669
-0.809341
-0.809341
-0.809341
-0.809341
-0.809341
-0.809341
0.0899422
-0.472641
0.0712402
1.76553
1.76553
1.76553
1.76553
1.76553
1.76553
1.76553
1.76553
1.26016
2.05361
2.05361
2.05361
2.05361
0.68962
0.68962
0.68962
-0.676032
-0.650408
0.0873697
0.0873697
0.0873697
0.0873697
0.0873697
0.0873697
-1.31115
-1.31115
0.29556
-0.275397
1.25074
1.42949
1.42949
1.42949
1.42949
1.42949
0.171758
0.171758
0.171758
0.459966
0.459966
0.459966
0.459966
1.26661
0.702521
-0.348395
-0.348395
0.0401548
0.400693
0.834791
0.834791
1.12408
-0.196357
-0.196357
0.589664
0.927711
0.927711
0.927711
0.927711
2.19485
2.19485
0.706424
-0.425844
-1.80735
-1.80735
-0.619007
-0.619007
0.64653
0.64653
0.64653
1.46417
1.46417
1.87022
0.364741
0.364741
0.364741
0.364741
0.364741
0.364741
-0.190979
-1.23833
-1.23833
-1.23833
-1.23833
0.190285
0.190285
-1.54853
-0.303071
-0.303071
-1.69282
-1.69282
-0.740048
-0.0988568
-0.0988568
0.572348
0.572348
0.572348
-1.16031
-1.04756
-0.524703
-1.46182
-1.46182
-1.46182
-1.46182
0.0204839
0.0204839
0.669418
-0.173783
0.611979
0.611979
0.194498
-0.049931
0.785649
1.70282
0.696272
-0.732977
0.754339
0.754339
0.754339
0.754339
0.754339
0.754339
-1.08166
-1.08166
-2.30741
-1.43772
-1.47556
-1.47556
-0.612167
-0.612167
-1.74707
-1.74707
-0.0534027
1.8891
1.8891
1.8891
1.8891
-0.0543407
-0.0543407
-1.93468
-1.93468
-1.41209
-1.41209
-1.36469
-1.31033
-1.31033
-1.31033
-0.346174
-0.346174
-2.01849
-1.2909
-1.65942
-1.65942
-1.65942
-1.65942
-0.0697745
-0.880079
-1.22281
-1.37819
-1.37819
-1.37819
-1.37819
-1.37819
-0.548579
-1.21279
-1.21279
-0.844375
-0.844375
0.377545
0.377545
0.377545
0.377545
2.02911
2.02911
2.02911
2.02911
2.02911
2.02911
0.400831
-1.57271
-1.22332
-1.22332
-1.22332
-0.0357758
1.12825
2.93497
2.43012
1.47652
1.47652
1.47652
1.47652
2.0023
2.0023
2.0023
1.42581
1.42581
2.34202
2.34202
2.34202
2.34202
2.34202
1.41627
1.41627
1.41627
1.41627
-0.358153
0.908447
0.594117
1.35233
1.35233
2.05261
2.05261
2.05261
1.2185
1.2185
1.2185
1.2185
1.2185
1.2185
1.2185
-0.752095
-0.505198
-0.508745
0.746952
-0.316921
1.58506
1.58506
1.58506
1.58506
0.890795
0.890795
0.890795
0.890795
0.890795
0.984887
-0.202082
-0.202082
0.372886
0.372886
0.372886
-1.37746
0.0279901
-0.461419
-0.0512263
-0.56734
-0.56734
0.422545
0.422545
0.883114
0.883114
0.883114
0.94101
0.94101
0.94101
0.94101
0.94101
0.94101
-0.981206
0.627969
0.627969
2.29827
2.29827
2.29827
2.06146
0.23187
-1.10317
-1.10317
-0.639754
-0.87175
-0.87175
-0.87175
-0.87175
-0.87175
-0.252078
1.48156
1.36119
2.04835
2.04835
0.31194
-0.528309
1.3126
1.54708
1.54708
1.54708
0.262452
-0.665813
-1.79531
-1.11342
-1.11342
-0.293215
-1.11005
-1.11005
-1.11005
-0.158059
-0.158059
-0.158059
0.74649
0.732086
0.732086
0.732086
0.732086
1.44242
2.09814
2.09814
0.625875
0.681819
-0.934386
-0.917794
0.53833
0.53833
0.53833
0.293425
0.293425
0.293425
0.293425
1.67344
1.67344
1.65284
-0.230615
-0.230615
-0.571276
-0.486857
-2.1715
-2.1715
-1.19995
-1.52257
-1.52257
-0.799592
-0.799592
-0.799592
-0.799592
0.196312
0.196312
0.196312
0.196312
1.98662
1.98662
1.08746
1.08746
0.6243
0.6243
-0.435386
-0.435386
-0.435386
0.809295
0.809295
0.809295
0.809295
-1.13364
-1.13364
-0.840288
-0.840288
-2.18095
-2.15424
-0.943891
-0.478782
-1.73278
0.0410462
0.201908
0.201908
0.598901
-0.583187
-0.583187
-0.583187
1.27403
1.27403
1.27403
1.01506
0.101159
0.101159
0.649505
-0.427148
-0.0219748
-0.0219748
0.522872
0.522872
0.522872
0.522872
-0.334622
-0.334622
-1.18859
-0.411233
-0.666918
1.25782
1.3691
1.39873
1.39873
0.572707
0.572707
1.31031
1.31031
1.31031
0.598631
0.598631
1.66866
1.22713
1.22713
1.22713
1.03249
1.03249
0.90484
0.705751
0.705751
1.56146
1.6124
1.6124
1.64659
-0.0246047
-0.0708353
-0.0708353
-0.0708353
-0.0708353
-0.0708353
-0.0708353
1.39264
0.769939
0.56122
1.13211
0.764331
-0.745295
-0.745295
-0.745295
-0.745295
-0.745295
-0.745295
0.153859
0.153859
1.7764
1.7764
1.7764
1.7764
1.49544
1.49544
1.49544
-0.445956
-0.212568
-0.212568
-0.212568
1.65502
-0.0817609
-1.34442
-1.34442
-1.33307
-1.33307
0.377517
-0.436564
-0.128836
-0.128836
-0.128836
-0.128836
1.26886
1.85552
2.32471
2.32471
2.32471
0.807853
0.807853
0.807853
0.807853
0.807853
0.807853
0.807853
-0.469595
-0.469595
0.531048
0.531048
0.662885
0.662885
0.662885
0.684789
-0.203808
0.162626
-0.341239
0.551823
-0.615965
-1.29146
-0.214476
-0.214476
-0.214476
-0.214476
-0.182068
-0.182068
-0.00296334
-0.00296334
0.697161
-0.468732
-0.468732
0.496792
0.496792
0.496792
0.75923
0.75923
0.75923
0.75923
0.75923
0.75923
-0.820397
-0.820397
-0.440076
-0.440076
0.578087
-0.606992
0.378045
0.442945
0.442945
0.198961
-0.87253
1.08411
0.951084
0.951084
0.951084
0.48293
0.48293
1.98401
0.322081
0.322081
1.38968
1.38968
0.135645
-0.283472
-0.283472
-0.0518159
-0.0518159
-0.181336
-0.181336
1.6578
0.979561
0.876395
0.876395
0.876395
0.876395
-0.681199
-0.681199
0.649008
1.43307
-0.432185
-1.40546
-1.78663
-1.78663
-2.28892
-2.28892
-2.28892
-2.28892
-2.28892
-2.28892
-2.28892
-2.28892
-2.28892
-0.955083
0.547226
0.547226
0.547226
0.547226
0.547226
-0.991213
-0.991213
-0.991213
0.537867
0.537867
1.23964
1.34553
1.34553
0.650273
0.650273
0.650273
-0.319965
0.514603
0.282535
1.64018
1.64018
1.51436
1.51436
1.20742
1.20742
1.20742
0.428603
0.57034
0.57034
0.325819
0.325819
-1.20382
-1.20382
-2.09188
-0.517582
-0.517582
0.822307
0.501396
0.501396
0.479312
-1.09132
-1.09132
0.219753
0.219753
0.219753
0.219753
0.219753
-0.323462
-0.323462
-0.323462
-0.323462
-0.644445
-1.38025
0.318747
-0.651228
-0.651228
-0.771741
-0.771741
-0.777317
-1.02892
-0.388858
-0.388858
-1.03722
-0.653363
-0.653363
0.0132065
-1.62302
0.24086
-0.212938
0.475105
-0.162409
0.743672
0.36952
1.2008
0.866525
0.960548
1.1233
0.985944
0.985944
0.985944
0.985944
2.07758
0.702364
0.702364
1.6711
1.49403
-0.463086
-0.463086
-0.463086
-0.85736
-0.609508
-0.609508
-0.00969148
1.79558
1.79558
1.79558
1.79558
0.957094
0.573438
0.573438
-1.40046
0.598774
0.598774
1.61223
1.61223
1.61223
1.61223
1.61223
2.00184
2.00184
2.00184
2.00184
1.83832
-0.0321889
-0.0321889
-0.0321889
1.20713
2.04627
2.04627
0.835668
0.835668
0.623742
1.70941
0.457624
-0.491941
0.507607
-0.810538
-0.142542
-0.362031
1.54047
-0.386745
-1.18892
-1.18892
-1.18892
-1.18892
-1.18892
-1.18892
-1.18892
-0.740214
0.277676
0.277676
0.277676
1.28849
1.28849
1.28849
-0.502677
-0.593915
0.488507
0.0888143
1.99665
1.99665
1.99665
1.99665
0.781079
0.781079
0.781079
0.781079
-0.881512
-0.295621
-0.297889
-0.297889
-0.297889
-0.825296
-0.825296
-0.825296
-0.656777
-0.656777
-1.14551
-1.14551
0.530881
1.08553
1.08553
1.08553
-0.202703
0.579174
-0.584246
-0.584246
-1.36706
-1.12993
-1.12993
-1.12993
-1.12993
-1.12993
0.229035
0.229035
0.149667
-1.45856
-1.45856
-1.45856
0.291443
1.38919
0.332234
0.332234
-1.51211
-1.51211
-1.51211
-1.51211
-1.51211
-1.51211
-1.51211
-1.68451
-1.68451
-1.68451
-1.71979
-1.71979
-1.71979
-1.71979
-1.71979
-1.71979
-1.71979
-0.188573
1.52063
1.52063
0.105125
-1.20994
-1.20994
-1.20994
-0.984263
-0.811448
-1.31144
-1.32958
-1.01907
-0.609599
0.70798
-0.410725
-0.410725
-0.772262
-0.772262
-0.772262
-0.772262
-0.604506
0.499388
1.4982
-0.285284
-0.280237
0.969897
0.969897
0.969897
1.44904
1.44904
1.44904
1.44904
1.44904
1.44904
1.07379
1.07379
1.07379
1.07379
0.331702
0.319353
0.131027
0.131027
-0.442441
-0.442441
-0.442441
-0.442441
-0.442441
-0.442441
-1.86039
-0.476905
-0.476905
0.188334
0.221905
1.2963
1.2963
-0.0269586
-0.0269586
-0.0269586
0.262589
1.6957
0.233588
0.233588
-1.13068
-1.13068
-2.47196
-2.47196
-2.47196
-1.67682
-1.67682
-1.20327
-1.19627
-1.19627
-1.19627
0.566042
-0.181736
1.02423
1.02423
0.309621
-0.273674
0.243019
-0.300596
-0.549117
-0.549117
-0.549117
-0.549117
-0.364933
1.22235
2.7771
2.7771
2.39981
2.39981
2.39981
2.39981
2.39981
2.39981
2.39981
2.42328
2.42328
1.74788
1.74788
1.74788
1.74788
2.1734
1.05773
1.23985
0.520556
0.520556
0.520556
0.659099
1.20653
1.82403
1.82403
1.82403
1.67164
0.807596
0.807596
1.22039
1.22039
1.12443
1.12443
0.474565
0.474565
0.474565
0.474565
0.474565
0.474565
0.474565
0.474565
0.804793
0.804793
-0.519079
0.613533
0.613533
0.323199
0.782056
0.782056
0.782056
0.782056
1.38362
1.38362
-0.0608405
1.24831
-0.370139
-0.370139
-0.370139
-0.370139
0.0403037
1.07626
1.07626
1.07626
-0.516316
0.665525
0.357023
0.357023
0.357023
0.357023
0.467746
-0.387998
-0.387998
-0.387998
-0.387998
-0.387998
-0.387998
0.280498
0.280498
0.280498
0.280498
-0.529276
-0.529276
-1.17274
0.545336
0.545336
0.895731
0.895731
-1.06517
0.199465
-0.163849
-0.163849
-0.163849
-0.163849
-0.163849
-1.60805
-0.393764
-2.33033
-2.33033
-0.57018
-0.57018
0.599966
0.324484
0.324484
0.225091
0.225091
0.225091
0.282051
-0.693969
-0.693969
-0.693969
0.196608
0.196608
0.196608
-1.40684
-1.40684
-1.40684
-0.619427
0.370802
-0.600354
-0.00500211
-0.368081
-0.368081
1.43846
2.23803
2.23803
2.23803
0.277912
-0.761441
-0.761441
0.0899754
0.0899754
0.125184
2.05194
2.05194
1.45053
0.531481
0.405219
0.405219
0.405219
0.405219
0.405219
0.405219
-0.980728
-0.980728
-0.522418
-0.508438
0.0240164
-0.9331
-0.9331
-0.9331
-1.29239
-0.681299
-0.706955
-0.156559
-1.85874
-1.85874
-1.85874
-0.747304
-0.747304
-0.604109
-0.604109
-0.0461929
-0.0461929
-0.75837
1.00229
1.34531
0.378378
-0.464789
-0.464789
0.0615252
0.990684
-0.88067
-1.08338
-1.9741
-1.9741
-0.153776
-0.727601
-0.727601
0.530171
-0.00819966
-0.231819
-0.231819
-2.18887
-1.76182
-0.376223
1.03669
1.03669
-0.430545
-0.430545
-0.430545
-1.2391
0.565525
0.565525
0.565525
0.895673
0.260545
-0.315362
-0.315362
-0.315362
-0.315362
-0.315362
-2.30662
-1.52411
-1.52411
-1.52411
-0.755717
-0.357398
-0.701028
-0.701028
0.441745
0.441745
1.90504
1.25645
1.00663
1.00663
1.00663
1.00663
-0.30095
-1.02946
-1.02946
-1.02946
-1.02946
-1.80777
-1.80777
-1.80777
-1.80777
-0.125072
-0.125072
-1.4369
-1.4369
-1.4369
-0.616663
-0.535316
-0.489767
0.533335
-1.27573
-1.23559
-1.23559
-0.150318
-1.379
-1.379
-1.2906
-1.2906
-1.2906
-1.2906
-1.2906
0.344443
-0.180885
-1.62678
-1.62678
-1.14116
0.472175
0.82444
-0.580866
-0.0447601
0.938195
0.938195
0.639969
0.962953
0.0770616
0.932874
0.932874
0.932874
1.11447
0.680816
0.680816
1.33603
1.33603
1.33603
1.33603
1.20188
1.20188
-0.103706
-0.103706
1.39429
1.39429
0.752664
-0.504451
-0.313968
-0.313968
-1.65432
-1.65432
-0.333687
0.505298
0.505298
0.505298
-0.141007
-0.141007
-0.141007
-0.141007
-0.141007
-0.669361
-0.669361
0.58134
-1.00311
-1.00311
0.370661
0.370661
-1.02008
-1.02008
-1.02008
-1.02008
-1.02008
-1.02008
-1.02008
-1.02008
-1.02008
-1.02008
-1.02008
-1.02008
-0.519715
-0.519715
0.0495807
0.0495807
0.0495807
0.0495807
0.0495807
-0.23149
-0.23149
-0.23149
-0.23149
-1.00324
0.345576
-0.0798099
-0.0798099
1.84663
0.841305
0.841305
1.13877
1.13877
1.13877
1.13877
1.13877
0.441697
-0.0574766
1.65212
0.889169
0.889169
0.889169
0.889169
0.531062
0.531062
1.57713
1.06618
1.06618
1.06618
1.06618
1.55834
-0.293898
-0.293898
-0.293898
0.250746
1.39088
1.39088
1.39088
0.745718
0.745718
-1.05307
-1.92948
-1.02874
-1.21757
-1.21757
-0.191092
-0.616965
1.07472
1.07472
1.07472
1.07472
-0.760755
-0.760755
-0.307021
-0.0861828
1.02662
1.54119
1.54119
1.54119
1.54119
0.0293786
0.0293786
0.322644
0.322644
0.322644
0.322644
-1.15251
-1.15251
-0.706588
-2.06841
-2.06841
-2.06841
-0.34137
-0.34137
0.831266
-0.48956
-0.48956
-0.48956
0.152594
-0.808005
-0.808005
-0.808005
-0.808005
-0.338801
1.58438
0.0040744
0.0040744
0.0040744
1.655
0.593294
0.593294
1.28074
0.386008
0.386008
0.00487575
0.00487575
-0.247941
-0.653278
-0.653278
0.573968
-0.723971
-0.723971
-0.401035
-0.131038
0.254018
0.254018
0.254018
0.254018
-0.325747
-0.325747
-1.78255
-1.78255
-1.47543
-1.03538
-1.03538
-1.75101
-0.287122
-0.613195
-1.95784
-1.15201
-1.15201
-0.902772
-0.902772
-0.902772
0.314374
-0.432826
-0.432826
1.48219
0.0823483
1.31284
-0.414716
-0.414716
-0.414716
-0.414716
0.63684
0.144439
-0.515603
-1.99084
-1.01046
-0.140414
-0.140414
1.19115
1.19115
1.19115
1.19115
1.19115
0.516922
0.663821
0.663821
0.663821
0.663821
0.663821
0.663821
-0.565935
-0.565935
-0.565935
-0.565935
0.661069
0.661069
0.505201
1.80646
0.121376
0.121376
1.27407
0.354755
0.354755
-1.11851
-0.808974
-0.808974
-0.808974
-0.808974
-0.808974
0.0734819
1.23435
1.23435
1.23435
1.23435
1.23435
0.904135
1.98861
1.98861
1.98861
0.852985
0.63108
-0.443829
-1.32325
-1.32325
-1.32325
-1.32325
-0.52252
0.962455
0.962455
0.962455
0.962455
0.944304
-0.963112
-0.963112
-0.963112
-0.963112
-0.963112
-0.963112
-0.963112
-0.963112
-0.963112
-0.963112
-1.03305
-1.16585
-0.973804
-0.973804
-0.973804
-0.973804
-0.973804
-0.973804
-0.574
-1.14663
-1.14663
-1.14663
-1.14663
-1.14663
0.84604
0.84604
-0.890754
-1.46019
-0.620163
0.754018
-0.202693
-0.202693
-0.202693
-0.202693
-0.202693
1.46622
1.46622
1.12083
-0.438486
-1.48007
-1.56338
-0.893818
0.167942
0.167942
0.167942
-0.929072
-1.38907
-1.38907
-0.898121
-0.898121
-0.898121
-0.898121
-0.898121
-1.22032
-1.22032
-0.66031
-0.66031
1.09336
1.09336
-0.779636
-1.33162
0.120599
-0.0332774
-0.461647
-1.42292
-1.42292
-0.909611
-0.493354
-0.561209
-0.561209
-0.492557
0.101527
-1.85945
-0.92046
-0.92046
-0.92046
1.06965
1.06965
-0.103172
1.10774
-0.201295
-0.201295
0.808588
-0.350624
-0.350624
-0.350624
-0.350624
-0.350624
-1.36402
-1.36402
-1.36402
-1.36402
-1.87072
-1.87072
-0.519351
0.628332
1.58471
1.58471
1.00787
-0.183469
0.74438
1.47292
1.47292
0.27556
-0.871944
-0.871944
-2.00765
-2.00765
-1.07782
-1.07782
-1.39836
-1.39836
-1.39836
0.454729
1.3707
1.3707
1.3707
1.3707
-0.00838289
-0.00838289
-0.00838289
-0.00838289
-1.02798
-1.02798
-1.02798
-0.7227
1.19105
1.19105
1.43336
0.0461279
-1.92009
-1.92009
-0.109949
0.177577
0.141404
0.141404
0.141404
0.76936
-0.759318
-0.759318
-0.759318
-0.200055
0.462267
0.0956687
0.0956687
0.0106306
0.661049
0.661049
0.661049
0.661049
2.02485
2.02485
0.687942
0.687942
0.492922
-1.39806
-1.39806
-0.24015
-0.24015
-0.24015
-0.24015
-0.894528
-0.894528
-0.894528
-0.894528
-1.39786
-1.39786
-0.582088
0.442195
0.36116
0.36116
1.61869
1.61869
1.61869
1.61869
1.61869
1.6921
1.6921
1.6921
1.6921
0.981418
0.981418
-0.693776
-0.693776
-0.527666
-0.527666
1.07059
1.19883
-0.142431
-0.142431
-0.142431
-0.142431
-0.142431
1.84667
1.84667
1.84667
1.84667
0.845765
0.608346
0.608346
1.13008
1.13008
1.13008
-0.0296733
-0.0296733
-0.0296733
-0.0296733
-1.08997
-1.08997
-1.08997
-0.691679
-0.691679
-0.691679
-1.24835
-1.24835
-0.699907
0.937184
-0.255456
-0.255456
-0.255456
0.0699473
-0.63092
-1.3404
-1.3404
-1.3404
0.0399204
0.0399204
-1.03162
-1.03162
-1.03162
-1.03162
-1.03162
0.834399
0.293809
0.293809
1.65544
1.65544
0.0138533
0.0138533
1.06463
0.279404
0.279404
0.279404
0.279404
0.279404
-0.898678
-0.898678
-0.898678
-0.898678
-2.07212
-0.700719
-0.700719
-0.700719
0.0503631
-0.358998
-0.358998
-1.04258
-1.04258
-1.04258
-0.117733
-0.822299
-1.91249
-1.08599
-1.08599
-1.08599
-1.31841
-1.31841
-2.11674
-2.11674
-1.80232
-1.80232
-0.64659
-0.64659
0.7236
0.467106
0.614325
0.614325
0.614325
0.258515
1.72342
1.91274
1.57567
1.23907
1.23907
1.23907
1.23907
1.23907
1.23907
0.200041
0.200041
0.200041
-0.748174
-0.648591
-0.648591
-0.648591
-0.44674
-2.27201
-1.55658
-1.55658
-1.55658
-0.891185
-0.891185
-0.891185
-0.891185
-0.419777
-0.419777
-0.419777
-0.419777
-2.02055
-1.81426
0.155023
0.155023
1.52293
1.52293
1.52293
1.52293
1.52293
1.52293
0.554679
0.554679
-0.136306
1.03824
1.03824
2.41487
1.89769
1.89769
1.89769
1.89769
1.89769
1.89769
0.638683
0.294344
0.294344
0.163561
0.163561
0.869018
0.378735
-0.38219
-0.38219
-0.0411826
-0.0411826
0.0546712
0.0546712
0.0546712
0.0546712
0.0546712
0.0546712
-0.468643
-0.468643
0.0249074
0.0249074
0.0249074
-0.977342
0.225219
0.225219
1.29381
1.16741
1.16741
1.16741
1.16741
1.16741
0.398726
0.398726
0.918841
0.918841
0.918841
0.918841
1.38309
1.38309
1.38309
1.38309
1.38309
1.38309
1.38309
1.38309
1.38309
1.44872
1.54069
0.412467
0.49012
0.54236
0.54236
0.707444
0.129922
0.129922
0.129922
-1.5981
-1.5981
-1.5981
-1.5981
-1.5981
-1.5981
-1.5981
0.174699
0.174699
0.174699
-1.3898
0.476786
-0.926273
-0.926273
-1.5753
0.295548
1.15644
1.15644
0.266061
0.266061
0.0940805
0.354265
0.354265
-0.246512
-0.246512
-0.489467
-0.489467
-0.17533
-1.40139
0.483777
0.483777
0.343645
0.605622
0.605622
0.431816
0.431816
0.431816
0.431816
0.431816
-0.503755
-1.09906
-0.937433
-1.48122
-1.48122
0.154631
0.154631
0.154631
-0.595925
-0.595925
-1.68422
-1.68422
0.222201
0.222201
-1.06558
-0.587305
-0.587305
-0.587305
-0.587305
0.9328
0.9328
0.9328
0.9328
0.252737
0.252737
1.69852
1.24737
-0.534205
-0.534205
-1.92525
-0.206468
1.69916
1.69916
1.22745
0.145457
-0.087454
0.632362
0.85326
0.85326
0.85326
0.85326
0.85326
-0.328792
-0.170135
-0.170135
0.650714
0.650714
0.650714
0.180277
0.473119
0.473119
0.473119
0.306837
1.02459
1.02459
1.02459
0.165845
-0.763683
-0.147593
-0.147593
-0.147593
1.66612
1.87036
1.00981
1.00981
1.00981
0.0546408
-0.620488
-1.02233
0.637514
-1.20139
-1.20139
-1.20139
-1.20139
-1.20139
-1.68645
-1.98136
-1.98136
-0.819903
-0.819903
-0.269183
-1.38912
-1.38912
-1.38912
-0.141661
-0.309516
-0.066143
-0.066143
-0.681125
-0.681125
-0.681125
0.321538
0.321538
-0.564724
-1.98819
-1.98819
-1.98819
-1.29389
-1.29389
-1.29389
-0.525092
-1.20723
-1.20723
-1.20723
-1.20723
-1.20723
-0.273693
-0.273693
-1.22868
-1.95223
-1.95223
-1.95223
-0.978228
-1.46111
-1.46353
-1.46353
-1.46353
-2.13626
-2.13626
-3.06799
-1.46544
-0.555436
-0.555436
-0.555436
-0.555436
-0.677468
0.145883
0.0608637
0.0608637
-0.359449
0.149
0.149
0.149
-1.54668
-1.54668
-1.54668
-1.66529
-0.838612
0.251861
-1.34524
0.524081
0.524081
0.524081
0.524081
0.524081
0.191192
0.191192
0.191192
0.191192
1.65868
1.65868
0.942731
0.0408536
0.0408536
0.302832
-0.538304
-1.01867
-1.01867
-1.01867
-1.41926
-1.41926
-1.41926
-1.41926
-0.693735
-0.693735
0.247022
0.247022
0.247022
0.689789
0.689789
0.689789
-0.880157
-0.525353
-0.525353
0.689215
-0.333325
-0.840868
-0.275038
1.45934
1.45934
1.45934
1.09068
2.06422
0.509353
0.518267
-0.688555
-0.775971
1.03505
1.03505
0.598493
-1.00389
-1.04802
-1.35112
-1.17388
0.533809
0.286678
0.387341
0.387341
0.387341
0.387341
0.387341
0.387341
1.04082
1.33766
-0.291704
-1.17391
-1.17391
0.140296
0.591702
1.13697
1.13697
-0.247608
1.02182
1.02182
0.10243
0.10243
0.10243
0.10243
0.10243
0.10243
0.10243
0.10243
0.10243
0.10243
-1.25531
-1.25531
-1.25531
-0.600425
-1.20068
-1.20068
-1.20068
0.229617
0.229617
0.229617
-0.124668
-0.22815
-1.33596
-1.71138
-1.71138
-1.61019
-1.61019
-1.61019
-0.46338
-0.46338
-0.46338
-0.46338
1.10227
1.10227
1.10227
1.10227
1.10227
1.10227
0.947114
-0.602451
-0.602451
-1.54458
-0.310091
-1.11469
-0.945728
-0.945728
-0.945728
-0.0941682
0.628185
0.628185
0.708956
1.47758
1.47758
0.759555
-0.231873
-0.231873
-0.231873
-0.231873
-1.75505
-1.75505
-1.75505
-1.27342
-1.27342
-1.27342
0.50966
0.417346
1.28757
1.28757
1.28757
1.28757
1.10712
0.614523
0.614523
-0.693368
-0.693368
-0.693368
-2.16606
-2.16606
-0.941846
-0.941846
-0.941846
-0.941846
-0.941846
0.779792
-0.549211
-0.667432
-0.143441
0.800134
0.800134
-0.507891
-0.274649
-1.8758
-1.8758
-0.511714
-0.511714
-0.511714
-0.511714
-0.511714
-0.544527
-0.544527
-0.544527
1.0276
-0.328902
-1.51872
0.285632
0.285632
0.285632
-0.869804
-0.869804
-0.869804
-0.869804
-0.869804
-0.869804
0.459154
0.815511
1.48477
1.48477
1.73228
1.73228
1.73228
1.17609
1.17609
0.520944
0.520944
-0.319973
0.680636
-0.686303
-0.686303
-0.686303
0.775825
0.775825
1.14494
1.14494
1.14494
-0.766497
-1.28338
-0.180196
-1.56341
-1.56341
0.400159
0.400159
0.342882
-0.943309
0.085855
0.085855
0.380593
1.66403
1.66403
0.213151
-1.45454
-1.45454
-1.45454
-0.380105
-0.380105
-0.380105
0.447941
0.447941
0.82463
1.01848
1.01848
1.01848
1.01848
1.01848
-0.260599
-0.77448
-0.77448
-0.656848
0.174596
1.74165
1.74165
1.74165
1.74165
-0.0910981
1.40787
0.503159
-0.233022
-0.233022
-2.16877
-2.16877
-1.8518
-2.20944
-2.20944
-0.724127
-1.72489
-1.72489
-0.714593
-0.714593
-1.42997
-0.20899
-0.20899
-0.537775
-0.75756
0.707842
0.648465
0.956354
1.79121
0.943231
-0.838354
-0.838354
-0.838354
0.714274
0.714274
0.714274
0.714274
0.714274
0.714274
0.714274
0.714274
0.714274
0.714274
0.714274
0.998198
0.998198
0.998198
2.23479
2.23479
2.23479
2.08043
1.32081
1.32081
1.32081
1.32081
-0.119659
-0.119659
0.973655
1.14838
-0.574779
0.561205
0.953227
1.55403
1.95899
1.95899
1.95899
1.95899
1.95899
1.95899
1.95899
1.95899
1.95899
1.95899
1.95899
1.23922
1.23922
-0.50648
-0.50648
-0.32558
-0.32558
-0.32558
-0.32558
-0.32558
-0.491429
-0.796437
0.462057
0.462057
-0.321558
-1.01371
-1.01371
-1.01371
-1.01371
-1.53039
-0.0914264
1.89146
0.519352
0.519352
-0.565475
0.872672
1.34331
1.34331
2.216
2.216
2.216
2.216
2.216
2.216
2.216
0.771237
0.771237
-1.02426
0.951784
0.951784
0.951784
0.951784
0.951784
0.25848
-1.35592
0.0963423
-0.603848
-0.603848
0.105684
0.105684
0.0208679
0.0208679
0.0208679
-1.94417
-1.94417
-0.383725
0.241317
0.241317
-1.61574
-1.69717
-0.480776
-0.480776
1.28443
1.28443
1.02172
1.02172
1.53306
1.53306
1.53306
1.20671
-0.335035
-0.335035
-0.335035
-0.503947
-0.503947
-1.63358
-1.63358
-1.63358
-0.834251
-1.54362
-0.517358
0.908745
0.908745
-1.0877
-1.0877
0.0194433
0.0194433
-1.19629
0.274861
-1.22825
-1.22825
-1.77218
0.148302
0.148302
0.148302
-1.8432
-1.18224
-0.0678534
-0.784095
-0.784095
-0.784095
-0.233339
-1.62172
-1.62172
-0.464693
-0.4763
-0.60924
-0.60924
-1.16467
0.684762
0.684762
0.684762
0.684762
0.684762
0.684762
0.684762
0.684762
0.684762
-0.859628
0.412678
0.688603
-1.23264
-0.663313
-0.663313
0.0401633
-0.234413
-0.234413
0.834299
0.834299
1.26769
0.101477
-0.731425
-0.731425
-1.7067
-1.7067
-1.7067
-1.7067
-0.558665
-0.558665
-0.558665
0.653665
-0.344431
-0.344431
0.992533
0.992533
0.992533
0.992533
0.992533
0.992533
0.992533
0.992533
-0.525781
-0.34462
-0.0044637
-0.0044637
-1.48061
-1.48061
-1.52281
-1.52281
-0.497456
-0.177829
-0.177829
-0.170113
0.196652
-0.273128
-0.273128
-0.884851
-0.884851
-0.884851
-0.884851
-0.884851
-0.884851
0.623003
-1.09463
-0.156805
-0.156805
-0.156805
-0.156805
-0.156805
-0.156805
-0.379735
-0.653914
-0.653914
-0.653914
-0.653914
0.98299
0.98299
0.98299
0.98299
0.98299
-0.69148
-0.69148
0.137012
-0.468133
-0.468133
-0.468133
0.728654
0.728654
0.728654
0.555961
-0.814457
-1.51427
-1.51427
-1.51427
0.447052
0.12326
0.12326
-0.647129
-0.647129
-0.647129
-1.62143
-1.62143
-1.22152
-1.22152
-1.22152
-1.22152
0.644246
0.644246
0.378484
0.904003
0.904003
0.904003
0.619909
0.619909
0.619909
0.619909
0.619909
0.619909
0.619909
0.619909
0.619909
0.619909
0.87299
0.87299
-0.0457697
0.729151
-0.608082
-0.833762
0.134983
-0.852775
-0.852775
-0.852775
-0.852775
-0.852775
-2.02105
-0.597082
-0.597082
-1.35764
-1.0159
-1.0159
-1.49298
-1.49298
-1.49298
-1.49298
-0.178309
-0.178309
-0.178309
-0.71461
0.278675
0.278675
-1.16105
-1.16105
0.0622784
-1.42087
-0.955665
-0.388317
1.3855
1.40841
1.40841
1.40841
0.247296
1.14954
1.14954
1.14954
0.152585
0.152585
0.152585
0.152585
1.83217
1.39112
1.39112
1.39112
2.2193
2.2193
2.2193
0.632027
0.315827
-1.00377
-0.542764
1.30904
0.936463
1.03716
1.03716
1.03716
-0.364999
-0.364999
1.23302
1.37304
1.2298
1.2298
0.333951
1.62028
2.24524
2.24524
2.24524
1.95719
2.08567
2.08567
2.26832
2.26832
2.09769
2.09769
2.09769
1.75551
1.75551
-0.138766
-0.138766
-0.612349
-0.612349
-0.612349
-0.612349
-0.612349
-0.612349
-0.612349
-1.11483
-1.11483
-1.11483
-1.11483
-1.11483
-1.1533
-1.00037
-1.00037
-1.00037
-1.01356
-1.67907
-1.26307
0.724247
1.61919
1.61919
1.61919
1.61919
0.733373
-0.186529
-0.186529
-0.186529
-0.186529
-0.186529
-0.186529
-0.186529
-0.810011
0.69784
0.69784
0.69784
0.69784
0.69784
0.69784
0.69784
0.69784
0.69784
-0.807619
0.211782
0.211782
-0.572604
-0.572604
-0.383555
-0.383555
-0.383555
-0.383555
-1.80765
-1.80765
-0.649156
-1.08792
0.820342
0.820342
0.820342
-0.472584
-1.34973
-1.34973
-1.34973
-2.12589
-1.53805
-1.53805
-1.53805
-0.937002
0.875825
0.184443
0.184443
-1.2568
-1.2568
-1.2568
-1.39764
-1.39764
-1.39764
0.368367
0.368367
0.343538
0.343538
0.343538
-1.48767
-1.55162
-1.55162
-0.516784
-0.532359
-0.532359
0.642243
0.642243
0.642243
0.642243
0.287669
0.287669
-0.455629
0.0789925
-0.589901
0.474713
0.474713
0.474713
-0.825795
-1.30498
-1.84679
-1.84679
-1.84679
-1.84679
-0.879131
-0.115528
-0.115528
-1.10158
-1.10158
-0.226168
-0.226168
-0.226168
-1.80344
-1.80344
-1.80344
-0.576861
-0.576861
0.617074
0.617074
1.08459
1.08459
1.08459
1.08459
1.08459
1.08459
1.08459
0.968507
0.968507
0.968507
0.968507
0.968507
1.52109
1.52109
1.52109
1.52109
1.52109
1.52109
1.52109
1.618
-0.307607
-0.307607
-0.26177
0.142166
0.165257
1.74196
1.74196
0.356101
-0.961833
-0.902475
-0.902475
-0.902475
-0.902475
-1.10313
-1.10313
-1.18102
-1.18102
-1.18102
-1.18102
-0.0132969
-0.0132969
-1.0647
-1.0647
-1.0647
-1.0647
-0.047173
-0.047173
-0.047173
-1.4538
-1.4538
-1.4538
-1.4538
-1.18597
-1.18597
0.0021414
-0.141206
-0.141206
-0.141206
1.12305
1.12305
1.12305
-0.163237
1.76516
0.595119
1.37694
1.83516
1.83516
1.83516
1.83516
1.83516
1.02655
1.02655
1.02655
0.240292
0.240292
0.240292
0.658114
0.658114
0.105528
-1.67894
-1.67894
-1.67894
-0.70026
-0.25863
1.07106
-0.28896
0.949794
-0.285769
-0.285769
0.514068
0.514068
0.514068
0.646765
0.304966
-0.430361
-0.430361
-0.430361
1.11502
-0.301854
-0.301854
-0.301854
-0.301854
1.14264
-0.436045
-0.436045
-0.703874
-0.703874
0.939323
-0.486373
-0.486373
-0.737261
-0.737261
-0.737261
-0.737261
0.949383
0.949383
0.949383
-0.170394
1.5535
0.0101341
-0.224778
-1.53773
-1.53773
-2.16884
-0.392702
-0.392702
-0.392702
-0.392702
-0.688956
0.525992
-0.922545
-0.496648
-0.496648
-0.496648
1.29957
1.29957
1.29957
-0.0476888
1.60282
1.60282
1.60282
1.60282
1.64499
1.64499
1.64499
1.04538
0.17594
-0.498774
-1.6354
-1.6354
-1.6354
-2.22231
-0.375236
1.20343
0.457502
0.457502
0.486769
0.734673
0.734673
0.734673
0.734673
0.502549
0.502549
0.529022
-0.120275
-0.120275
1.22341
1.22341
0.110837
0.800873
0.800873
0.800873
0.297358
0.297358
0.297358
-1.46757
-0.0739103
-0.0739103
1.04157
1.82097
1.82097
1.82097
1.96834
1.96834
2.06763
2.06763
1.54405
1.54405
-0.299976
-0.299976
0.186189
0.186189
0.186189
-1.01366
0.490638
0.490638
-1.43237
-1.32289
-0.556918
0.930306
0.930306
0.976295
-0.508408
-0.230977
-0.230977
-0.987159
-2.00373
-0.158882
-0.158882
-0.158882
1.6317
0.345413
0.345413
-0.171283
0.0448078
0.0448078
0.0448078
0.0448078
-0.243744
-0.243744
-0.243744
-0.243744
-0.243744
-0.243744
-0.243744
-0.243744
-0.275174
-0.275174
0.13742
0.13742
0.800568
0.800568
-0.955208
-1.02994
0.383159
-0.472943
-0.472943
0.430145
0.430145
0.430145
0.430145
-0.879808
-0.879808
-1.70521
-1.72863
0.0860172
-1.25567
-0.248465
-0.147956
-0.147956
0.883598
0.924964
1.79309
1.79309
1.79309
1.79309
1.79309
1.79309
0.21138
0.21138
0.21138
0.391853
-0.431473
1.47781
1.47781
1.47781
1.47781
1.47781
1.47781
1.47781
-0.347754
-0.347754
-0.347754
-0.347754
-0.183142
-0.183142
-0.183142
-0.183142
-0.183142
-0.340506
-0.340506
-0.340506
1.40069
0.376869
0.376869
0.376869
0.376869
1.12581
0.210188
0.210188
0.210188
0.210188
0.210188
-0.582108
-0.582108
-0.582108
-0.938021
-0.938021
-1.64965
-0.88462
-0.615777
-1.23947
-1.23947
0.503648
0.503648
0.503648
0.0746615
-1.34893
-0.615031
-0.615031
-0.615031
-0.190187
-1.30226
0.169982
-0.594437
-0.594437
-0.594437
-0.988759
-0.988759
-1.73035
-1.73035
-1.73035
-1.70331
-1.70331
-1.27679
-1.27679
-1.27679
-1.05764
-1.05764
-0.818737
-1.16501
-1.25907
-1.25907
-0.212122
-0.597009
-0.597009
0.237348
0.237348
1.1778
-0.574165
-0.574165
-0.574165
-1.51405
-0.66949
-0.66949
-1.19643
0.444096
-0.0655328
0.521732
0.521732
0.521732
0.521732
-0.865948
-0.865948
-0.865948
-0.865948
0.377925
1.46936
1.46936
-0.0955458
-0.810757
-0.810757
-0.810757
-0.810757
-0.810757
0.17002
0.0958283
0.0958283
-1.48073
-1.48073
-1.48073
-0.155594
1.60035
1.60035
0.12736
0.12736
0.12736
0.12736
1.36097
1.36097
-0.14809
-0.646654
-0.646654
-0.646654
-2.03233
-0.765226
-0.765226
-0.765226
-0.765226
-0.289514
-0.289514
-0.289514
-0.289514
0.862797
0.862797
0.626083
0.626083
-0.669938
-0.669938
-1.18932
-1.18932
-1.18932
-1.18932
-0.444814
-0.444814
-1.93188
-1.48601
-0.799925
-0.799925
-0.799925
-0.799925
0.287506
1.52696
1.52696
1.52696
1.52696
1.52696
0.0854759
0.476304
0.476304
1.834
0.846934
-0.0874338
-0.0874338
-0.0874338
0.0985541
1.69443
2.07611
2.07611
0.781752
0.781752
0.781752
0.733816
-1.01042
-1.01042
-1.01042
-1.01042
0.364596
0.364596
0.364596
-1.42178
0.339739
0.339739
0.339739
-0.223328
-0.223328
-0.975115
-0.975115
-1.66749
-1.66749
-0.730898
-0.730898
-2.01191
-1.98331
-1.98331
-2.06861
-2.06861
-2.06861
-1.21867
-1.03664
-1.03664
-0.384284
-0.384284
0.738626
0.738626
0.738626
-1.04334
-1.04334
-1.04334
-0.97011
-0.97011
-0.659146
-1.26892
-0.60748
-0.694399
-0.694399
-0.694399
0.618486
-1.10053
-1.10053
-1.10053
-1.10053
-1.10053
-1.10053
-1.90825
-1.90825
-1.90825
-0.277025
-0.277025
0.0431204
1.45014
1.39179
1.39179
1.39179
1.39179
1.39179
1.39179
1.39179
0.76898
0.76898
-0.531848
0.94982
0.941172
0.435825
0.435825
0.435825
-0.00425464
-0.00425464
-0.00425464
-0.00425464
-0.00425464
-0.00425464
0.714936
0.714936
0.714936
1.55675
1.55675
1.55675
1.55675
1.55675
0.110095
-1.0488
-1.0488
0.775073
0.775073
-0.346129
0.171827
-0.396902
-1.0276
-1.0276
-1.0276
0.868571
-0.868287
-0.868287
-1.60189
-1.60189
-1.60189
-1.60189
-1.60189
-0.532519
0.721346
0.721346
0.721346
0.721346
0.721346
0.721346
0.721346
0.721346
1.73832
1.73832
1.73832
1.73832
1.76474
0.76244
0.76244
0.372569
1.69924
1.32241
1.19046
-0.0844886
-0.0844886
1.56098
0.994226
0.967252
-0.312563
-0.945687
-0.945687
0.491837
0.491837
0.491837
0.491837
-0.831855
-0.831855
0.57337
0.166013
0.166013
0.166013
0.166013
0.133501
0.133501
0.133501
0.133501
0.133501
-1.1311
-1.65465
-0.802289
1.13971
-0.584366
0.833857
0.833857
0.833857
-0.808027
-1.0645
0.861907
1.23642
1.05198
1.05198
-0.138336
-0.138336
-0.239204
0.887357
-0.169305
1.11494
0.932541
0.932541
0.932541
0.932541
-0.227465
-0.932886
-0.559119
-0.588518
-0.588518
-0.378244
-0.378244
0.704723
2.09237
0.377999
0.377999
-0.297437
-0.297437
-0.297437
-0.297437
0.516492
1.14512
2.23092
0.357871
0.357871
0.357871
0.641552
0.641552
0.641552
0.641552
1.13849
0.972197
-0.713242
-0.902809
-0.902809
-0.0538587
-0.0538587
-0.0538587
-0.0538587
-0.0538587
-0.941934
-0.941934
0.11604
0.310514
-0.305849
0.0592975
0.0592975
0.697994
2.06445
2.06445
1.68726
1.68726
0.815031
-0.247971
-1.79457
-1.79457
-1.5898
-1.20585
-0.146508
-0.146508
-0.146508
-0.146508
-0.146508
-0.146508
-0.146508
-0.146508
-0.515311
-1.13608
-1.13608
-1.13608
-2.08184
-2.08184
-2.08184
-2.53308
-2.23418
-2.23418
-0.689187
0.509171
0.977318
0.977318
1.41532
1.41532
1.4837
1.4837
1.4837
1.4837
1.4837
-0.204371
0.696769
0.696769
1.10944
0.0441969
1.32072
1.32072
1.32072
1.51274
1.51274
0.225173
0.225173
-0.558203
-0.558203
-0.558203
-0.558203
-0.558203
0.601203
0.78257
0.193865
0.193865
-0.88034
-0.88034
-0.410508
-0.410508
-0.410508
-0.410508
-0.389299
1.26781
1.26781
-0.144882
-0.144882
-0.144882
0.2276
0.2276
0.673607
-0.655625
-0.655625
-0.655625
0.930022
0.930022
-0.646303
0.383578
0.383578
0.488898
0.353624
0.353624
0.0720668
1.77209
1.77209
0.704107
0.700989
0.700989
-0.817376
-0.817376
-0.817376
-0.313367
-0.313367
-1.03335
-1.63873
-1.63873
-1.35732
0.547771
-0.223034
-0.223034
-0.223034
-0.37558
-0.37558
1.40474
1.40474
1.40474
1.73285
0.307815
0.307815
0.307815
0.200943
-0.367544
0.0550038
2.04219
0.715408
0.715408
-1.05756
-1.05756
0.490217
1.33159
1.33159
1.33159
-0.0399927
-0.0399927
0.709244
0.477677
0.477677
0.995637
0.995637
0.995637
0.995637
-0.234484
0.0484771
0.0484771
0.0484771
0.0484771
0.0484771
-0.450775
-0.450775
1.43599
1.43599
1.43599
1.7418
1.7418
1.7418
1.7418
1.7418
1.7418
0.156889
0.156889
0.401452
0.401452
0.32961
0.32961
0.32961
0.32961
-0.922758
-0.922758
-0.922758
-0.922758
0.321942
0.645915
0.645915
0.185601
0.185601
0.185601
0.185601
0.185601
-0.779623
0.708691
-0.108731
-0.108731
-0.108731
-0.108731
0.285906
0.285906
1.77793
1.77793
1.77793
1.77793
1.88515
1.88515
1.88515
