-0.254109
-0.31216
1.40903
1.40903
1.34151
1.34151
1.34151
4.83222
14.1413
0.0742663
12.7812
5.96341
5.96341
0.358418
-0.136899
3.99989
3.99989
20.2299
20.2299
20.2299
18.9807
0.571649
9.72358
9.82557
47.0099
47.0099
33.1194
14.3225
5.86783
5.86783
8.89043
7.20186
1.98002
1.32253
1.32253
1.32253
50.7233
50.7233
50.7233
4.66837
4.11986
55.1875
5.49146
73.2418
16.6685
0.0738752
-0.0461595
-0.0461595
1.13677
10.1091
10.1091
2.6607
2.6607
2.6607
29.4607
4.38229
29.0266
29.0266
29.0266
118.741
118.741
118.741
118.741
118.741
118.741
118.741
118.741
95.4822
77.0714
5.4343
5.4343
13.2876
10.5557
2.44814
2.44814
2.44814
2.44814
15.7941
15.7941
10.7523
10.7523
10.7523
21.7296
33.1216
4.11264
8.14262
1.34909
1.34909
1.34909
1.34909
-0.130438
5.60696
20.3788
20.3788
52.7437
0.216295
3.291
10.9473
8.23992
-0.402926
0.70605
0.70605
0.517379
2.51152
5.2626
3.12776
3.12776
3.12776
3.12776
3.12776
58.6281
0.682398
1.90705
1.90705
1.27826
1.27826
1.27826
9.16819
9.16819
9.16819
9.16819
3.31154
3.31154
16.5588
16.5588
16.5588
16.5588
16.5588
12.8049
11.4954
11.4954
2.71587
11.8041
1.25404
1.25404
1.25404
1.25404
36.0036
21.9422
21.9422
21.9422
21.9422
21.9422
0.901018
8.81254
8.81254
8.81254
-0.0112836
-0.0112836
8.25234
12.2641
-0.232652
16.7168
16.8477
5.99464
5.20147
5.20147
5.20147
2.48126
-0.0216224
0.13432
17.7051
1.33839
11.1463
4.17291
0.185935
0.264315
0.960385
2.07378
6.07773
5.32901
5.32901
2.39612
-0.178088
6.35786
3.50734
4.00699
3.52868
12.1963
6.25185
32.8411
32.8411
32.8411
32.8411
56.5824
0.677369
0.677369
-0.00840081
0.493526
0.493526
0.0114618
0.0114618
0.0114618
0.0114618
30.6601
30.6601
30.6601
15.9336
1.8674
2.95505
0.645718
0.645718
-0.233394
7.73398
12.1567
69.1084
37.4078
57.5716
31.2283
31.2283
31.2283
31.2283
3.54098
3.55346
3.55346
3.55346
3.55346
3.55346
6.78454
1.8817
1.8817
21.741
21.8093
21.8093
21.8093
21.8093
1.16255
-0.302653
-0.302653
2.32341
1.74661
4.5115
7.31351
7.31351
5.7483
-0.336435
-0.340181
-0.340181
16.9546
2.4431
3.79829
3.79829
37.1393
0.950799
-0.433977
9.05818
8.08155
8.08155
8.08155
8.08155
2.21854
2.21854
11.7551
11.7551
11.7551
11.7551
8.32193
64.128
64.128
64.128
64.128
7.79393
71.5147
71.5147
71.5147
71.5147
37.3574
0.0761836
-0.307323
8.58116
8.58116
-0.0584302
1.2082
1.2082
0.26303
4.01078
4.01078
4.01078
7.47236
7.47236
7.47236
1.8577
1.8577
1.8577
0.340474
19.3844
34.8864
-0.233963
-0.233963
0.843967
4.6154
7.94952
7.94952
7.94952
7.94952
9.72661
2.2545
6.01384
2.81469
2.81469
2.81469
2.81469
1.8257
3.12128
3.12128
0.767404
3.90702
3.74073
3.74073
3.74073
3.74073
3.74073
3.74073
17.3347
17.3347
3.09232
-0.0952727
-0.0952727
-0.0952727
-0.0952727
-0.0952727
5.56509
5.56509
5.56509
5.56509
7.82694
6.41595
59.7976
59.7976
76.4217
76.4217
8.44362
8.44362
8.44362
8.44362
4.39193
4.39193
4.39193
0.522927
1.19958
17.4836
17.4836
17.4836
17.4836
17.4836
0.905251
0.905251
-0.270295
-0.0226235
15.9257
-0.311823
-0.311823
-0.311823
-0.311823
-0.311823
-0.311823
9.88677
3.58085
54.0877
9.99392
3.33512
0.277757
0.277757
9.08916
9.08916
9.08916
11.4169
-0.283499
-0.283499
0.0984619
51.8288
51.8288
51.8288
51.8288
51.8288
76.3222
2.40467
-0.237172
4.78878
4.78878
4.78878
4.78878
28.128
28.128
28.128
28.128
2.25867
5.19705
19.714
2.15019
14.6386
14.6386
8.74399
8.74399
4.07673
4.07673
4.07673
4.07673
4.07673
4.07673
4.07673
4.07673
4.07673
4.07673
5.53745
5.53745
2.86867
8.42713
9.75451
4.74053
4.74053
46.7656
141.244
141.244
19.6352
19.6352
19.6352
-0.0745643
2.44023
2.44023
12.3382
5.27067
5.27067
4.11415
4.11415
4.11415
4.11415
0.358003
0.358003
9.24174
2.29792
2.29792
2.29792
0.15256
0.623519
0.623519
12.8288
11.4898
12.0215
0.733927
6.56349
4.3488
4.3488
1.00687
-0.253856
-0.253856
0.238363
-0.21729
0.365522
0.606544
0.606544
6.21645
15.7439
4.82674
4.82674
4.82674
4.82674
3.89364
3.89364
3.89364
3.89364
-0.307058
-0.436872
2.62322
2.62322
18.6353
9.58653
6.19536
2.93377
11.5991
-0.151378
-0.287725
-0.0094721
-0.0094721
2.73244
31.4619
31.4619
31.4619
2.32862
1.45082
13.2013
-0.051321
6.08751
6.08751
27.5213
6.59699
-0.289757
4.25039
34.4304
34.4304
23.9333
10.133
1.29613
1.29613
0.0331236
15.9838
9.27627
13.183
5.66709
9.42348
3.94263
6.09354
5.22763
5.22763
5.22763
5.22763
5.22763
2.29496
4.9953
5.75939
11.0446
11.0446
11.0446
6.14933
6.14933
6.14933
6.14933
17.472
17.472
17.472
17.472
17.472
17.472
18.931
13.6351
13.6351
-0.289323
0.532148
0.532148
0.532148
3.73111
0.717502
0.717502
0.717502
36.8921
36.8921
36.8921
36.8921
43.4894
43.4894
35.0717
-0.274353
-0.274353
-0.198154
14.7464
14.7464
14.7464
2.38801
-0.279833
3.85525
11.5967
0.58307
3.09842
1.05862
0.352003
0.352003
0.404409
0.15193
0.15193
18.7194
18.7194
18.7194
18.7194
9.49522
4.97411
0.452612
0.939989
0.939989
3.42601
3.42601
3.42601
3.42601
-0.39079
6.62552
6.62552
6.62552
1.04042
6.08279
81.9559
0.766528
0.766528
11.2288
11.2288
-0.244602
0.562741
-0.352059
-0.352059
0.433585
0.105004
0.105004
90.9523
42.115
23.8546
23.8546
44.1417
49.9149
34.6735
34.6735
34.6735
-0.288631
-0.288631
0.261968
0.261968
28.7626
-0.183103
3.32188
3.32188
3.32188
3.32188
3.32188
34.5796
34.5796
34.5796
40.0796
67.7643
67.7643
67.7643
67.7643
31.7958
31.7958
31.7958
1.19481
7.69676
7.69676
0.386049
0.386049
0.386049
0.225419
-0.248928
-0.248928
1.12117
-0.0601896
6.98999
6.98999
-0.194474
24.8583
24.8583
24.8583
24.8583
24.8583
-0.336008
-0.336008
-0.336008
-0.241182
-0.241182
0.474683
21.7505
21.7505
21.7505
8.71237
8.71237
3.17895
7.41345
11.8566
10.0543
2.41944
0.137649
0.137649
0.137649
0.354928
4.23297
4.23297
4.23297
9.78999
9.78999
9.78999
9.78999
9.78999
2.56912
1.73442
6.64441
2.08075
2.08075
2.08075
2.08075
0.690447
3.38883
3.38883
5.89642
3.70252
3.70252
3.70252
3.70252
3.70252
17.7593
4.29872
4.29872
21.7297
21.7297
21.7297
24.6601
24.6601
24.6601
7.46497
7.46497
-0.0753123
7.86916
7.86916
7.86916
0.673189
0.673189
3.48765
3.48765
9.22174
0.455607
0.455607
5.54531
7.08284
3.1497
3.5271
-0.246461
0.109412
0.109412
0.109412
1.58111
1.58111
13.3681
13.3681
13.3681
13.3681
1.0789
1.0789
1.81559
1.81559
1.81559
1.50026
3.94659
3.94659
3.94659
1.28928
3.70463
3.70463
3.70463
0.20052
9.09961
9.09961
0.0439398
0.0439398
0.0439398
2.19723
2.19723
6.00811
0.324998
0.324998
9.32971
9.32971
2.05532
2.05532
2.05532
1.47759
28.8629
28.8629
28.8629
28.8629
1.53287
19.4686
19.4686
19.4686
18.0498
23.5708
23.5708
23.5708
12.0109
12.0109
12.0109
23.9951
13.5413
13.5413
11.7153
14.4905
-0.100637
0.64673
0.64673
9.80898
9.80898
9.80898
9.80898
52.8452
52.8452
40.69
40.69
40.69
40.69
40.69
5.0821
2.7262
11.7739
-0.300072
-0.300072
-0.300072
-0.00384056
1.56849
-0.0700745
-0.0700745
1.44154
1.44154
1.44154
8.32224
8.32224
7.99982
11.7578
44.7366
-0.071407
-0.071407
-0.071407
5.37068
5.37068
5.37068
-0.136548
1.65464
-0.145181
3.02176
2.9211
2.9211
2.9211
0.349591
-0.256768
3.98417
2.71463
2.71463
14.6564
-0.235176
-0.235176
-0.428467
13.7849
13.7849
-0.103876
7.40125
3.03196
2.71998
1.18314
1.18314
1.18314
-0.271194
-0.218681
-0.218681
4.30529
3.07134
12.0101
12.0101
26.9176
0.186535
0.186535
8.30741
7.81331
7.81331
4.44696
-0.177085
0.908371
19.6837
4.8655
16.9352
16.9352
2.19631
13.2607
13.2607
0.696998
-0.00102495
-0.00102495
3.25949
3.25949
3.25949
0.309821
9.13402
9.13402
9.13402
9.13402
9.13402
9.13402
1.69977
1.69977
12.7029
12.7029
29.1066
29.1066
29.1066
3.90983
-0.22105
-0.22105
8.43123
0.705559
-0.0611274
0.262798
-0.19764
1.61109
1.61109
5.03871
5.03871
5.03871
-0.245046
-0.245046
-0.245046
-0.245046
-0.245046
13.7272
77.9227
77.9227
23.9056
51.4378
51.4378
51.4378
51.4378
43.6227
43.6227
47.025
47.025
47.025
47.025
47.025
47.025
47.025
47.025
47.025
39.7071
36.4971
46.1922
46.1922
46.1922
46.1922
7.27562
3.18099
3.18099
3.18099
3.18099
3.18099
3.18099
3.18099
20.825
4.89422
4.31607
-0.0344044
29.205
29.205
45.7625
45.7625
8.29849
11.9769
11.9769
11.9769
0.781409
0.0998575
-0.183232
14.7553
14.7553
14.7553
14.7553
14.6667
24.7845
9.31777
0.0752547
0.0752547
0.0752547
8.15889
0.559862
0.559862
9.43694
2.71779
2.71779
-0.347963
-0.13661
-0.13661
-0.13661
1.203
3.914
3.914
3.914
24.5387
4.69519
4.69519
4.69519
18.294
18.294
0.359109
64.5931
64.5931
64.5931
15.4946
0.583376
19.7137
0.110834
0.640777
0.640777
0.640777
16.8931
4.92176
13.2311
0.970962
-0.172849
10.4501
1.75674
1.75674
-0.308899
-0.308899
-0.308899
-0.194343
-0.194343
-0.194343
-0.194343
-0.194343
-0.194343
-0.0858979
-0.0858979
2.22666
2.22666
0.631595
20.1615
20.1615
20.1615
20.1615
1.67427
1.67427
10.8991
10.8991
17.4124
17.4124
17.4124
13.0854
13.0854
-0.397884
5.99303
0.200258
0.200258
0.53635
0.53635
0.53635
3.14057
0.39166
1.93176
-0.0122523
-0.0122523
-0.25511
1.64855
1.4858
1.4858
0.539026
0.539026
4.04626
4.04626
21.9823
29.8555
29.8555
23.7453
23.7453
21.738
0.183025
0.183025
2.02156
2.02156
-0.271997
-0.271997
0.266322
0.266322
16.0547
-0.303874
4.72339
10.455
10.455
8.11035
2.12269
2.12269
-0.0871527
-0.0871527
0.556892
0.556892
4.60185
-0.270336
16.4389
16.4389
9.90738
9.90738
9.90738
9.90738
9.90738
6.47297
6.47297
16.6555
1.81056
2.71796
0.151191
0.643539
18.0362
18.0362
18.0362
18.0362
18.0362
18.0362
18.0362
18.0362
18.7953
18.7953
9.37838
7.92627
4.25156
4.25156
0.00979564
3.65392
1.1216
1.1216
1.1216
1.1216
6.99791
0.152123
0.152123
0.152123
0.152123
-0.100517
-0.100517
-0.100517
-0.100517
39.3575
39.3575
41.1036
32.4872
32.4872
32.4872
-0.426965
46.8435
46.8435
38.6259
38.6259
38.6259
38.6259
0.123401
0.210022
0.438309
0.438309
0.11363
4.04104
0.874478
-0.218248
-0.218248
-0.218248
1.77481
-0.264207
0.00578323
0.00578323
18.8188
0.170597
0.170597
3.05619
2.09805
-0.258748
44.362
5.83886
5.83886
-0.267938
-0.174482
-0.174482
3.18755
2.03427
7.90614
0.555479
-0.39339
0.80733
-0.234594
-0.179425
-0.179425
0.0756967
11.0874
11.0874
10.844
-0.213042
1.38707
6.69439
8.093
-0.180856
-0.180856
-0.180856
-0.180856
-0.0900129
-0.0900129
3.04513
3.04513
-0.333219
4.29993
2.69821
2.69821
2.69821
2.7279
24.3163
65.236
5.92097
5.92097
5.92097
3.62669
3.62669
-0.260664
-0.260664
1.06871
1.06871
3.84943
3.84943
4.85778
3.9271
3.9271
3.9271
3.9271
3.9271
3.9271
3.9271
3.9271
3.9271
18.5546
4.52002
16.612
16.612
2.93726
2.93726
1.75532
-0.286249
-0.286249
-0.359877
11.3409
11.3409
11.3409
-0.0761415
3.42307
1.19104
1.19104
-0.355561
-0.356262
-0.356262
-0.19303
-0.19303
-0.19303
1.37034
-0.143872
-0.143872
0.969688
1.16785
6.52121
6.52121
6.52121
18.6997
11.3297
0.456265
2.43361
2.43361
-0.246291
-0.246291
42.142
42.142
57.3146
-0.23904
0.956729
0.956729
0.956729
1.75296
7.69772
0.804171
0.804171
4.74021
-0.216184
24.5399
24.5399
24.5399
24.5399
28.63
12.3546
3.39381
3.39381
3.39381
15.7096
15.7096
2.93763
1.84573
-0.312374
31.1366
6.55105
6.55105
7.02091
5.2834
5.2834
5.2834
5.2834
7.1604
0.203359
4.87982
18.3478
33.3416
16.4594
16.4594
-0.0320894
-0.0320894
0.789531
0.789531
0.789531
22.4459
12.423
7.53033
7.87533
7.87533
7.87533
3.56928
3.56928
4.78988
4.78988
2.79895
2.79895
6.28413
23.7504
2.76574
2.77195
2.77195
-0.151494
0.617101
0.617101
0.617101
0.617101
9.98744
9.98744
9.98744
9.98744
9.98744
3.35047
-0.0366551
4.55348
4.55348
4.55348
4.55348
2.51937
2.05167
1.28701
1.28701
1.28701
0.702558
0.702558
4.36003
4.36003
4.36003
1.6247
4.02074
5.40431
5.40431
5.40431
5.40431
5.40431
0.214966
-0.218611
9.05099
1.04534
2.15936
7.68802
12.3543
12.3543
12.3543
0.0111909
7.97744
6.20382
6.20382
12.282
12.282
0.863131
4.14547
4.67098
-0.312647
-0.439473
-0.439473
7.13866
7.13866
9.63283
-0.180241
-0.180241
-0.13652
-0.241153
-0.241153
16.7936
2.12755
-0.234858
-0.234858
-0.234858
-0.234858
30.9252
2.59884
2.59884
-0.0999497
-0.0999497
36.6946
0.208904
7.63947
7.63947
7.63947
-0.248189
-0.248189
-0.248189
4.69909
4.69909
34.803
68.2361
68.2361
52.3019
35.6157
28.5152
0.726532
1.02228
-0.37427
0.54192
6.15847
6.15847
6.15847
7.02961
2.49675
2.49675
1.0034
1.0034
1.0034
1.0034
5.26251
0.082346
1.29661
1.29661
4.50567
11.1548
11.1548
2.75268
1.21454
1.21454
3.4986
4.8962
4.52188
4.52188
4.52188
4.52188
4.52188
-0.321114
5.57352
15.771
15.771
5.15706
5.15706
5.15706
3.13078
-0.15076
-0.15076
17.3546
17.3546
17.3546
19.8287
-0.256896
0.181226
0.260256
5.62882
28.8759
28.8759
0.861232
0.861232
-0.273887
3.39753
15.6401
17.1642
13.8399
56.9834
10.3243
0.0900659
-0.272453
-0.272453
-0.272453
14.6302
2.75854
2.75854
6.06328
3.0043
1.60433
0.0887049
-0.113942
1.97745
1.97745
1.97745
4.56183
4.56183
4.56183
18.5909
18.5909
3.87516
4.49514
4.49514
4.49514
-0.334332
2.72123
2.72123
2.72123
2.72123
-0.19924
3.15231
3.15231
4.29498
2.64191
2.64191
2.64191
-0.234845
4.40979
25.0521
25.0521
25.0521
25.0521
25.0521
6.60323
8.62647
8.62647
18.9423
18.9423
17.1432
5.91383
5.91383
10.2894
1.82335
1.82335
-0.0822149
-0.0822149
0.0545277
-0.26906
-0.187424
-0.187424
30.7814
30.7814
30.7814
30.7814
41.3688
41.3688
41.3688
41.3688
25.0397
25.0397
25.0397
-0.00818646
17.8909
17.8909
5.30409
0.31844
1.85229
1.85229
1.76796
-0.388771
18.7033
18.7033
10.7238
10.7238
10.7238
9.53202
19.2171
19.2171
14.261
7.6134
6.54136
69.7695
25.0487
7.21019
7.21019
7.21019
7.21019
7.21019
7.21019
7.21019
14.4997
0.54917
1.04348
-0.275092
22.9676
0.68122
2.81912
2.81912
2.81912
2.56984
2.56984
2.56984
3.29393
3.29393
3.29393
21.6024
21.6024
0.0323851
0.0323851
7.00983
7.00983
7.00983
7.00983
10.8502
-0.129007
3.57232
3.57232
88.7489
88.7489
88.7489
10.3134
10.3134
5.45108
2.07748
1.29779
-0.24441
-0.24441
-0.24441
-0.24441
-0.24441
-0.24441
-0.24441
0.427507
0.427507
0.946717
8.10352
8.10352
8.10352
8.10352
0.706184
0.706184
0.706184
0.780829
0.780829
0.629941
8.16255
8.16255
8.16255
8.16255
5.76749
-0.0670467
6.57728
-0.0384073
-0.290238
1.73138
1.73138
-0.232153
5.60714
12.3414
1.45228
0.0573711
0.0573711
0.0573711
0.0573711
0.690184
-0.29716
-0.29716
-0.29716
-0.29716
-0.0586964
3.86882
3.86882
5.45025
-0.318859
16.3296
17.8856
10.7202
0.996683
0.95069
0.95069
0.295576
11.0794
7.60628
7.60628
-0.194851
9.9729
9.9729
9.9729
-0.282331
-0.282331
5.66315
5.66315
5.66315
6.98115
6.98115
2.12842
7.94547
0.191124
-0.10972
-0.10972
4.34323
-0.205102
6.38817
2.03335
2.03335
0.00954225
40.2393
61.4902
70.9483
70.9483
70.9483
70.9483
28.8979
-0.248799
2.49647
7.82791
7.82791
7.82791
7.82791
0.0843091
3.49865
0.395187
0.31446
0.0863254
20.2041
19.6373
-0.273971
18.0031
18.0031
18.0031
18.0031
3.4369
1.15451
1.15451
2.64188
2.64188
0.497674
0.171506
0.171506
20.3555
20.3555
-0.228148
13.747
3.40241
3.40241
0.166818
-0.23835
-0.23835
2.62342
5.73529
14.8264
2.603
2.603
2.603
2.603
2.603
20.4927
20.4927
20.4927
20.4927
3.37707
3.37707
3.37707
3.37707
3.37707
3.37707
3.37707
-0.236865
0.707979
0.637615
15.5294
1.44881
4.02452
4.02452
4.02452
4.02452
4.02452
4.02452
21.2426
21.2426
-0.2838
-0.2838
0.341062
53.0671
12.2428
-0.178894
-0.178894
-0.178894
-0.0792828
1.37994
1.37994
-0.265726
-0.265726
-0.265726
-0.265726
-0.265726
-0.265726
3.71379
-0.0958996
-0.237245
1.4438
1.4438
1.4438
1.4438
1.4438
-0.201047
-0.201047
7.87091
7.87091
7.87091
7.87091
7.14251
-0.435489
0.0853078
16.0092
16.0092
16.0092
16.0092
16.0092
20.2459
20.2459
20.2459
2.49783
1.12281
0.269739
18.9096
26.8904
35.7387
0.24109
0.24109
0.24109
0.24109
0.24109
0.24109
0.24109
0.24109
0.24109
0.24109
4.82977
4.82977
-0.233037
-0.233037
3.62792
3.62792
1.67173
1.67173
3.7549
-0.123861
-0.304985
35.165
35.165
35.165
35.165
-0.225162
25.3297
-0.370512
0.619815
11.763
5.34315
5.32853
5.32853
5.32853
5.32853
-0.0449108
-0.0449108
-0.0449108
2.48096
2.48096
21.3523
21.3523
22.303
22.303
2.12352
2.8229
2.8229
-0.35542
-0.35542
3.55887
3.55887
3.55887
3.55887
27.6184
27.6184
27.6184
27.6184
27.6184
4.4917
8.38311
0.459897
0.459897
0.459897
0.35325
0.35325
0.35325
20.4162
20.4162
20.4162
20.4162
20.4162
11.5848
11.5848
1.45178
1.09607
1.09607
-0.171992
-0.171992
1.26955
3.73796
3.73796
3.73796
0.921345
0.921345
0.921831
0.417917
0.417917
0.717837
1.47587
3.61706
7.72667
7.72667
7.72667
7.72667
7.72667
3.44547
27.3708
0.565917
0.565917
-0.147328
-0.201487
0.474333
4.7954
-0.309629
-0.16998
3.17961
3.17961
-0.226986
-0.226986
-0.32684
0.548799
0.301333
8.60585
1.55477
6.12056
0.00194425
0.282891
2.31349
8.39489
8.39489
-0.0748982
-0.0457735
1.72
-0.332196
-0.332196
6.9028
6.9028
1.44073
1.44073
1.44073
5.04354
-0.238779
9.54666
1.40157
1.40157
1.02702
0.548929
0.548929
-0.255378
-0.210974
0.677772
0.677772
18.3823
1.35296
0.286058
-0.227406
-0.187617
-0.187617
34.5281
8.29675
-0.055002
0.764434
0.633364
-0.00373976
-0.372912
33.5765
1.68665
1.17407
1.17407
1.17407
1.17407
14.7944
-0.203159
0.137493
1.25583
1.25583
-0.318946
-0.290111
-0.290111
1.04868
1.04868
10.4744
0.0472988
6.42707
6.42707
-0.262179
-0.262179
-0.262179
2.91515
2.91515
2.91515
-0.238479
0.4839
0.4839
8.57844
8.57844
1.21832
0.163835
0.163835
0.163835
4.20432
4.20432
4.20432
0.742185
3.07686
33.3072
13.3648
13.3648
13.3648
5.04443
-0.159492
0.46278
5.12003
5.12003
0.319191
2.93514
2.93514
1.04612
1.04612
1.04612
1.04612
21.5424
2.05425
-0.250131
-0.250131
11.7587
11.7587
-0.173274
0.904535
-0.0604754
4.20979
19.4655
34.7714
34.7714
34.7714
5.88205
16.3748
16.3748
16.3748
16.3748
16.3748
16.3748
16.3748
16.3748
16.3748
16.3748
29.0177
17.6157
0.240931
-0.240785
-0.240785
-0.25805
-0.202399
-0.202399
16.4783
16.4783
-0.0317677
-0.0317677
-0.0695888
0.326543
0.326543
0.331213
0.456589
0.456589
7.65174
7.65174
13.7067
13.7067
13.7067
13.7067
13.7067
13.7067
-0.193249
-0.193249
-0.193249
0.432028
-0.249017
1.03027
8.3881
8.3881
21.0736
21.0736
21.0736
20.8693
15.8785
15.8785
15.8785
15.8785
4.10669
4.10669
-0.259881
3.54649
1.74788
1.7713
0.887199
-0.125124
-0.125124
12.6854
0.727215
0.336993
0.336993
0.874637
0.939105
0.939105
0.939105
14.7681
18.2518
3.30911
5.54164
5.54164
-0.203249
-0.203249
27.429
9.75229
9.35952
9.35952
10.7471
-0.315294
0.762056
0.762056
0.762056
3.54058
0.906416
0.906416
0.906416
-0.232583
0.921454
0.921454
0.336791
-0.115779
25.8001
48.6157
21.5566
21.5566
10.2501
10.2501
10.2501
15.9276
10.955
10.955
4.24581
9.05906
9.05906
9.05906
9.05906
-0.263411
-0.0713879
11.1947
6.74494
0.38732
1.4332
1.54173
21.2325
21.2325
28.7371
28.7371
0.482945
1.84078
49.5285
34.1325
5.3737
5.3737
3.43667
3.43667
3.43667
5.74927
1.34461
1.55569
2.50896
2.50896
2.50896
-0.243969
-0.243969
2.29002
0.242607
0.242607
0.242607
0.242607
3.08512
3.08512
3.08512
3.08512
3.08512
0.949569
1.03415
1.03415
7.30413
7.30413
7.30413
7.30413
7.30413
1.75001
1.75001
1.75001
1.75001
13.0439
3.50195
16.0668
0.0297337
4.35873
13.8882
13.8882
10.4511
0.224439
8.04039
8.04039
2.42976
7.5739
7.5739
-0.210936
0.909781
0.909781
7.32344
7.32344
7.32344
7.32344
2.30493
0.773784
0.773784
0.773784
14.5201
14.5201
3.1758
3.1758
3.1758
3.1758
0.25504
0.25504
0.25504
-0.260601
-0.260601
-0.0650343
-0.0650343
-0.0650343
-0.163558
-0.0593621
-0.0593621
-0.0593621
-0.0593621
-0.139873
10.8104
10.8104
8.69262
8.69262
7.57735
7.57735
42.7289
16.5434
16.5434
16.5434
16.5434
16.5434
16.5434
16.5434
16.5434
0.76683
0.76683
0.76683
-0.190738
-0.0727062
-0.0727062
0.422264
7.74329
8.47675
19.2369
19.2369
2.50066
0.551343
0.901787
-0.0531173
-0.0531173
-0.0531173
-0.0093479
-0.0093479
0.642907
15.0461
2.28813
2.28813
28.288
28.288
37.7954
37.7954
37.7954
37.7954
7.39646
13.7277
0.573113
-0.24558
-0.24558
-0.181155
-0.181155
-0.181155
-0.0885037
-0.0885037
5.04771
2.4826
2.4826
34.4015
13.0762
13.0762
14.5117
-0.307591
0.117113
8.7323
24.1904
24.1904
-0.109878
-0.109878
-0.109878
0.964139
2.26688
2.26688
0.157383
0.157383
0.0995772
0.0995772
0.0995772
0.0995772
6.11939
5.41214
5.41214
5.41214
-0.198359
-0.198359
-0.198359
1.34688
1.34688
1.34688
1.34688
25.3605
25.3605
25.3605
1.41845
1.41845
1.41845
4.10255
-0.169753
-0.227808
-0.227808
-0.22274
11.5414
11.5414
11.5414
1.34606
4.77154
4.77154
4.77154
4.77154
4.77154
3.69944
8.03581
-0.20641
0.0662621
0.966975
-0.272296
0.496915
0.496915
4.10315
-0.36595
0.772127
0.340366
0.340366
-0.249299
1.97774
1.97774
-0.272186
11.221
11.221
11.221
1.20524
1.20524
1.20524
0.39888
0.572999
12.4359
0.753447
0.753447
3.93527
23.1749
0.552542
0.789602
0.789602
0.842028
0.192746
11.6907
11.6907
1.30026
1.30026
1.30026
0.0412112
0.0412112
0.969149
0.969149
0.969149
4.73219
7.99501
7.99501
7.99501
-0.121472
-0.121472
-0.121472
-0.0790707
0.52355
-0.0971163
-0.253581
0.315462
0.315462
9.85933
0.121863
10.5375
3.03497
1.10392
7.59284
6.09416
8.57083
8.57083
8.57083
-0.259125
-0.259125
4.19203
4.19203
-0.0889599
-0.0889599
2.70761
2.70761
0.823802
-0.308459
1.1783
1.1783
1.1783
1.1783
1.1783
1.1783
4.97805
0.630377
0.630377
18.3253
16.6379
7.92535
0.309189
3.13552
6.70592
7.07895
0.918042
0.918042
6.07353
6.07353
6.07353
6.07353
6.07353
6.07353
6.07353
6.07353
-0.0562102
0.912781
0.912781
0.912781
0.912781
0.912781
-0.171868
-0.171868
22.8762
22.8762
22.8762
22.8762
22.8762
22.8762
22.8762
22.8762
22.8762
22.8762
34.9509
56.416
11.256
13.4019
13.4019
13.4019
13.4019
13.4019
30.7806
30.7806
30.7806
30.7806
15.1857
15.1857
16.0345
6.93135
6.93135
13.5666
13.5666
27.4752
27.4752
27.4752
27.4752
33.5552
12.9327
12.9327
12.9327
0.330585
0.330585
-0.402367
-0.402367
-0.402367
-0.290235
2.86974
2.86974
-0.270688
2.14281
9.76037
9.76037
9.76037
9.76037
5.22604
5.22604
-0.265522
-0.265522
-0.265522
6.85559
-0.238198
-0.202324
9.21522
9.21522
6.19856
6.19856
6.19856
4.9115
4.9115
7.6689
7.6689
1.96457
1.96457
1.96457
1.96457
1.96457
1.04871
1.04871
0.772041
16.2374
16.2374
38.8549
38.8549
38.8549
49.5549
49.5549
47.4277
29.3686
14.9052
2.36926
1.44874
1.44874
1.44874
10.4757
0.023361
0.023361
-0.324397
-0.44082
1.49941
1.36101
0.257903
1.59883
7.86506
7.86506
7.86506
-0.384554
-0.384554
9.92161
9.92161
9.92161
9.92161
9.92161
23.0847
9.19076
9.19076
9.7947
9.7947
52.0494
15.7181
15.7181
-0.284216
-0.284216
-0.268911
0.270122
2.52792
2.52792
-0.055137
-0.259356
-0.033008
-0.033008
-0.033008
-0.033008
1.43251
3.7256
3.7256
29.7845
3.29989
11.9603
11.9603
11.9603
11.9603
5.62953
5.62953
11.4708
11.4708
11.4708
21.0566
12.8401
7.23223
0.276655
5.17299
0.998922
0.998922
0.825987
0.825987
-0.221261
-0.221261
-0.221261
-0.221261
9.68901
9.68901
0.866434
-0.0331342
-0.0331342
-0.0331342
5.06003
0.569704
0.569704
2.22549
2.22549
3.21919
9.54498
9.54498
9.54498
-0.0387575
-0.0387575
-0.0387575
7.04434
7.45786
-0.243904
-0.243904
-0.243904
0.0712567
0.0712567
0.0712567
4.61218
4.61218
4.61218
4.61218
4.61218
23.7292
23.7292
1.98105
1.98105
0.157152
-0.233935
-0.233935
1.49662
-0.0863541
1.17077
1.17077
9.00777
-0.270649
-0.270649
4.6832
4.6832
5.94383
22.0476
3.84505
4.88297
4.88297
1.58309
1.58309
8.08951
8.08951
8.08951
8.08951
8.08951
4.31077
4.31077
-0.25331
3.70169
2.81179
7.08655
9.65253
9.65253
20.805
7.34004
7.34004
7.34004
1.58204
1.05627
1.05627
1.05627
1.05627
1.05627
1.05627
3.59497
0.336277
2.67531
2.67531
2.67531
2.67531
-0.240735
-0.240735
-0.240735
-0.240735
-0.240735
-0.240735
-0.240735
-0.286245
-0.286245
-0.286245
4.07879
4.07879
4.07879
4.07879
4.07879
2.98608
2.98608
3.97268
3.97268
3.97268
2.00923
2.00923
0.652517
0.182231
-0.23497
-0.23497
-0.23497
-0.23497
-0.102565
43.5773
-0.173925
-0.173925
0.275957
9.09288
9.09288
11.5329
3.82276
3.82276
4.98572
6.55315
0.839487
0.839487
0.839487
-0.233597
-0.233597
0.14776
22.6601
22.6601
1.22928
0.529238
0.529238
-0.0590885
0.388777
29.8387
17.2499
55.8614
55.8614
25.272
25.272
49.0599
31.3514
-0.171216
0.981192
0.766075
-0.255044
-0.255044
37.2782
37.2782
37.2782
29.2869
30.1988
38.4154
0.7165
0.7165
0.7165
0.7165
3.98705
-0.0314406
3.4159
4.53763
-0.232601
-0.232601
-0.232601
-0.232601
0.0118868
0.0118868
27.426
27.426
4.76692
4.76692
1.51076
0.393721
0.393721
0.393721
0.393721
-0.256548
-0.103535
4.46611
4.46611
4.46611
4.46611
1.72176
-0.11735
-0.11735
3.76332
4.36973
4.36973
0.941085
2.22783
0.494609
0.85745
11.6006
3.92863
2.56154
2.56154
2.56154
6.56029
6.56029
6.56029
2.79209
2.79209
0.653282
4.85222
4.85222
-0.255316
-0.255316
6.53599
6.53599
6.53599
6.53599
6.53599
6.53599
6.53599
0.652486
0.652486
7.17507
7.17507
5.94855
5.94855
1.24562
1.04516
1.04516
2.60233
0.535292
0.535292
17.8437
37.3946
22.0677
22.0677
22.0677
22.0677
4.96362
1.26787
0.819058
8.0694
8.0694
5.68421
32.5974
32.5974
32.5974
1.37186
1.37186
1.37186
1.37186
1.37186
1.37186
0.975075
-0.0532234
7.47109
7.47109
11.3332
11.3332
2.6374
2.6374
2.6374
0.226377
12.9476
19.5804
19.5804
19.5804
19.5804
12.5444
-0.188055
0.243439
13.8536
13.8536
13.8536
3.18516
3.18516
3.18516
7.24307
7.24307
64.9042
70.1596
32.639
82.5657
33.5641
37.0707
1.00638
1.00638
1.00638
11.7323
16.7719
-0.194581
43.5413
43.5413
6.97725
-0.15614
-0.254939
20.0357
23.1562
2.0632
2.0632
2.0632
2.0632
2.0632
2.0632
4.23558
36.5604
36.5604
57.8127
17.65
38.4552
37.4944
37.4944
46.3355
46.3355
2.26616
2.26616
0.0512647
-0.200712
3.83658
-0.183447
-0.183447
37.3611
37.3611
37.3611
37.3611
6.7982
0.140853
0.900943
-0.147144
-0.147144
21.0038
21.0038
38.297
38.297
12.4499
12.4499
4.04074
4.91038
4.91038
0.0179484
-0.266564
18.1433
18.1433
18.1433
18.1433
18.1433
0.197137
0.197137
6.88232
8.19668
8.19668
1.61682
13.0772
12.9499
0.734391
0.229644
33.8222
6.69199
1.42273
1.42273
0.10844
10.9664
10.9664
11.227
51.7145
51.7145
51.7145
51.7145
51.7145
0.550524
0.550524
13.4818
5.81443
11.7677
2.75484
19.359
3.28849
3.28849
3.28849
3.28849
4.42298
4.42298
4.42298
4.42298
4.42298
-0.203405
-0.203405
-0.203405
0.424453
18.7469
18.7469
2.75684
-0.246867
-0.246867
-0.246867
-0.246867
1.30833
20.2118
-0.246933
-0.246933
5.71043
4.10314
1.04034
1.04034
1.04034
1.04034
0.210799
0.84641
5.49724
5.49724
8.58112
8.58112
8.58112
8.58112
8.58112
0.825795
0.920782
-0.33412
-0.33412
1.13873
3.03595
14.0506
0.147419
0.147419
0.0425527
0.0425527
0.606021
1.13462
1.13462
1.13462
0.672989
3.29064
0.288351
2.36893
2.36893
2.36893
-0.287473
3.46556
3.46556
3.46556
3.46556
3.46556
3.46556
3.46556
3.46556
2.71097
2.71097
2.71097
91.4037
91.4037
91.4279
91.4279
13.3119
0.302714
2.16746
2.16746
2.16746
0.0539234
0.0539234
0.0539234
0.0539234
-0.0804858
-0.0804858
2.89358
11.6209
11.6209
11.6209
1.30932
1.30932
-0.191498
-0.187141
4.78816
0.319322
-0.172824
0.477163
0.477163
7.21623
12.2821
0.203323
2.74377
2.53381
2.53381
9.81582
18.6469
18.6469
5.48731
5.48731
5.48731
5.48731
4.05062
4.05062
5.57611
5.57611
5.57611
19.3162
0.958978
15.4514
4.20815
0.016233
0.433783
0.719083
0.719083
1.54609
1.62217
1.62217
1.62217
1.62217
52.1241
-0.233114
1.35182
5.39444
5.13972
6.39167
0.466867
0.466867
0.466867
0.466867
0.466867
-0.0210648
4.46537
4.46537
0.165683
0.165683
0.165683
1.8482
-0.240991
-0.240991
2.06245
2.06245
-0.147686
-0.214848
1.25671
0.600437
8.31781
5.31348
5.31348
5.31348
-0.185384
-0.185384
-0.185384
-0.185384
3.52512
3.52512
10.8383
34.9991
12.7994
12.7994
12.7994
-0.0976146
2.76772
2.76772
2.76772
2.76772
0.487909
0.534268
-0.140382
-0.140382
0.0404358
-0.271721
-0.193675
-0.0124053
-0.0124053
0.767807
0.767807
3.76521
33.7761
33.7761
33.8346
49.0801
2.7249
2.7249
2.7249
22.8026
22.8026
22.8026
37.5174
37.5174
53.7452
53.7452
19.3657
5.11045
36.2502
10.6255
10.6255
10.6255
7.67763
6.05223
4.34196
4.34196
4.34196
4.34196
1.59954
-0.166493
16.1083
5.4237
5.4237
5.4237
5.4237
5.4237
1.13725
0.438393
5.82006
5.82006
5.82006
5.35872
0.0656301
0.0656301
-0.327059
-0.327059
-0.327059
-0.327059
-0.387353
20.4184
20.4184
10.0646
10.0646
3.19559
3.19559
-0.335241
-0.335241
-0.335241
-0.335241
0.064219
2.97342
0.540199
0.540199
0.540199
0.540199
0.00764248
8.85674
14.9446
0.525206
0.525206
2.08591
14.6106
14.6106
2.22395
5.4592
3.83299
3.83299
5.82305
5.82305
-0.226574
-0.226574
1.10167
-0.266111
1.61827
4.95215
1.37462
1.01999
1.01999
7.99997
8.07932
1.24597
6.61251
6.61251
6.61251
6.61251
6.61251
6.61251
3.47609
5.25173
-0.0189084
-0.0189084
-0.0616595
-0.0616595
-0.0616595
-0.0616595
0.326343
0.326343
2.71512
2.71512
28.5297
-0.305523
-0.274803
5.12931
2.887
2.887
6.99819
6.99819
6.99819
6.99819
0.500256
-0.252923
0.243015
0.479917
0.479917
0.479917
0.479917
0.479917
-0.176576
1.25255
1.25255
-0.276771
-0.153559
-0.240167
7.70335
7.70335
6.71854
-0.0410564
-0.0410564
-0.0410564
-0.0410564
0.92096
0.92096
-0.238793
0.0768203
0.0768203
0.0768203
0.0768203
3.08312
3.08312
3.08312
3.08312
3.08312
0.900281
0.900281
0.900281
0.181163
0.181163
0.181163
0.181163
1.03285
-0.242742
-0.242742
-0.242742
4.93696
5.2775
5.2775
5.2775
5.2775
5.2775
5.2775
-0.146362
-0.279475
-0.279475
-0.279475
4.91479
-0.300067
-0.300067
-0.300067
3.30435
3.30435
3.30435
3.30435
3.30435
3.30435
10.7839
1.35057
1.35057
16.7239
18.588
17.0563
17.0563
17.0563
17.0563
19.4336
19.4336
19.4336
0.834314
2.29946
2.29946
-0.103018
2.04731
0.170253
13.4826
0.0302864
1.55503
55.0541
55.0541
55.0541
28.4945
22.0599
22.0599
22.0599
22.0599
39.7319
39.7319
33.9305
2.67829
2.67829
2.67829
-0.279569
0.88719
12.1213
12.1213
12.1213
12.1213
12.1213
3.31359
3.31359
3.31359
1.34182
1.34182
0.796475
1.45259
19.3061
19.3061
19.3061
9.08316
9.08316
0.190587
0.190587
0.190587
0.190587
39.7668
39.7668
39.7668
39.7668
39.7668
4.02026
4.51481
0.384322
4.44057
4.44057
4.44057
4.44057
4.44057
0.0969341
0.0969341
-0.213282
-0.2321
3.40255
2.55827
6.43431
11.7464
11.7464
11.7464
11.7464
11.7464
11.7464
11.7464
11.7464
11.7464
11.7464
11.7464
3.00275
3.78482
3.78482
-0.198923
-0.198923
2.12305
2.12305
3.3553
3.3553
3.3553
3.3553
3.3553
3.3553
3.3553
8.91361
10.4784
-0.0832717
-0.0832717
30.6553
1.89433
2.39684
2.39684
2.39684
2.39684
-0.293599
8.77504
8.77504
8.77504
3.73441
3.73441
4.62229
4.62229
4.62229
5.96122
0.113677
7.42337
7.42337
9.54938
14.2008
14.2008
14.2008
14.2008
14.2008
25.9393
25.9393
25.9393
25.9393
25.9393
0.0393462
0.692201
0.692201
0.692201
0.916358
0.916358
0.916358
5.15991
5.15991
-0.281112
0.725308
0.725308
0.725308
0.725308
0.177173
0.177173
0.177173
-0.39879
-0.00190803
0.333312
0.333312
18.5613
0.857165
0.857165
2.62114
2.62114
2.62114
2.62114
2.62114
0.608253
0.608253
1.40026
0.827242
0.827242
0.827242
0.827242
4.05676
4.05676
4.05676
17.0362
17.0362
17.0362
17.0362
0.198773
-0.00535787
-0.00535787
-0.0664691
1.22539
7.12047
7.12047
7.12047
7.12047
20.7493
20.7493
20.7493
4.77741
2.65534
-0.383472
0.587307
10.1592
10.1592
10.1592
5.76873
5.76873
6.53494
6.53494
6.53494
6.53494
31.8174
31.8174
31.8174
31.8174
25.5946
7.76577
0.803153
-0.254763
-0.254763
0.0544802
6.12195
6.12195
5.08154
5.08154
5.08154
-0.425029
3.9017
3.9017
2.11499
-0.219295
3.99363e-06
3.99363e-06
3.99363e-06
2.69393
12.9436
12.9436
12.9436
12.9436
12.9436
12.9436
12.9436
12.9436
12.9436
4.72265
0.531681
1.56624
5.25722
0.112246
0.112246
0.112246
5.00062
5.00062
5.00062
7.26044
0.0626339
3.72605
6.29552
6.29552
6.29552
6.29552
6.29552
-0.182244
-0.341837
-0.341837
1.67753
-0.238507
-0.29643
-0.29643
0.635565
0.635565
1.82206
0.362517
4.53704
4.53704
27.3535
2.52893
1.72048
1.72048
1.72048
6.35733
0.861081
1.07042
0.0168326
0.0168326
0.0168326
6.38836
6.38836
6.38836
17.6314
2.13996
0.208157
0.000293987
0.000293987
0.0522723
0.0522723
0.0522723
0.0522723
-0.112842
-0.403623
3.64379
0.0146137
1.42303
1.88567
0.759084
0.759084
-0.0207241
-0.0207241
3.42785
3.42785
0.670714
0.670714
0.670714
-0.25523
2.91347
20.2986
1.38811
1.38811
16.3106
16.3106
22.742
2.50175
-0.407011
6.19188
nan
240.721
131.612
131.612
131.612
13.2989
4.47911
33.2883
7.47977
5.50748
5.50748
5.50748
28.5062
37.4995
37.4995
37.4995
18.4187
17.4604
17.4604
7.41995
-0.24909
7.93326
7.93326
27.6291
5.84816
5.76308
2.0163
2.0163
1.168
0.404325
0.404325
0.831107
5.38872
5.38872
5.38872
5.38872
-0.35789
1.46836
0.0736119
0.160487
0.160487
-0.283778
-0.283778
-0.283778
-0.283778
-0.283778
0.561818
8.69753
3.1385
3.64851
8.8504
21.2077
21.2077
21.2077
8.48369
20.7596
20.7596
20.7596
1.37688
1.37688
1.37688
1.37688
1.37688
-0.0671967
1.93838
13.7126
27.0588
27.0588
3.20425
3.20425
0.676151
19.2312
-0.23903
0.593593
0.593593
-0.114048
-0.114048
0.175888
7.78212
7.78212
2.22655
0.802394
0.802394
0.802394
0.802394
0.802394
0.802394
4.20314
4.20314
-0.273856
6.54734
26.3543
12.1948
11.038
4.82066
4.82066
4.82066
-0.144412
2.29711
2.29711
8.18511
3.75666
0.446935
3.39608
5.65051
4.52944
4.52944
4.52944
4.52944
4.52944
4.52944
9.4112
19.9195
19.9195
9.53478
9.53478
9.53478
3.6756
3.6756
3.6756
0.187924
7.84607
0.238464
1.78146
-0.349705
11.1738
4.19094
48.9572
48.9572
48.9572
68.9657
68.9657
68.9657
68.9657
52.5014
52.5014
52.5014
52.5014
19.0577
36.1685
36.1685
-0.152476
9.68914
-0.159183
-0.159183
-0.159183
36.5208
36.5208
36.5208
36.5208
36.5208
36.5208
36.5208
23.2203
16.7462
-0.338307
-0.16344
5.11345
1.60889
-0.218824
-0.218824
0.407224
0.407224
-0.39991
-0.39991
8.69926
13.742
7.68505
3.61045
3.95844
3.95844
-0.407981
-0.260508
0.0894956
0.0894956
0.0894956
3.53522
9.37123
38.3559
4.12223
4.12223
4.12223
15.343
15.343
-0.155282
-0.155282
-0.155282
-0.155282
-0.155282
-0.155282
1.05515
0.0300524
29.1709
29.1709
7.53836
1.79261
1.79261
1.79261
1.79261
-0.19805
-0.19805
0.582471
-0.313756
-0.313756
-0.313756
7.61953
7.61953
15.7222
15.7222
15.7222
11.3439
11.3439
11.3439
11.3439
-0.41118
-0.41118
0.0938765
1.8391
1.8391
0.0103148
-0.0131595
-0.0131595
0.226568
1.54097
1.76377
-0.173787
3.14702
8.37877
12.0033
12.9216
12.9216
12.9216
12.9216
12.9216
12.9216
3.23232
3.23232
3.23232
3.23232
3.23232
0.0502189
-0.104944
-0.104944
10.332
10.332
10.332
10.332
0.655874
0.655874
6.30167
6.30167
6.30167
6.30167
6.30167
30.6365
30.6365
30.6365
30.6365
-0.101058
-0.101058
17.2427
17.2427
-0.234633
-0.100897
0.997939
0.997939
0.657608
0.657608
0.458645
0.458645
1.5899
1.5899
1.5899
1.5899
-0.0710012
-0.0710012
-0.0710012
2.56815
51.8785
8.34158
1.4913
1.4913
0.7967
-0.0154811
-0.0154811
-0.0154811
-0.0971573
8.14714
8.14714
2.21944
7.32626
7.32626
12.3266
12.3266
12.3266
12.3266
12.3266
12.3266
-0.407764
-0.407764
-0.0830072
-0.0830072
-0.250237
-0.184606
0.43252
0.43252
0.437006
0.437006
-0.216484
-0.216484
-0.216484
-0.216484
-0.216484
13.0886
14.6005
14.6005
0.322631
0.322631
0.322631
0.762187
0.762187
0.762187
0.302136
0.302136
-0.0889657
9.99962
9.99962
9.99962
9.99962
-0.380613
-0.25114
-0.0431909
-0.0431909
-0.0431909
-0.0431909
-0.294617
-0.294617
-0.294617
-0.0740266
-0.0740266
3.42559
3.42559
0.0749502
0.0749502
3.71426
3.71426
3.71426
-0.173628
-0.173628
-0.411905
-0.411905
-0.411905
15.9532
15.9532
12.9188
7.08202
17.2957
16.9773
16.9773
16.9773
16.9773
3.72237
3.72237
3.72237
3.72237
32.0177
-0.361645
-0.445416
3.37399
3.37399
3.37399
-0.262372
-0.262372
-0.262372
1.75408
1.75408
1.75408
1.75408
2.81752
18.0153
18.0153
21.3521
21.3521
5.55071
-0.21514
-0.21514
-0.21514
-0.21514
0.289926
9.92165
9.92165
9.92165
9.92165
33.7233
-0.257243
1.67122
-0.123864
0.728661
0.249797
0.249797
2.30101
12.286
-0.427971
-0.427971
3.21483
3.21483
3.21483
3.64754
0.323157
0.323157
13.6957
-0.230856
-0.230856
16.1767
16.1767
16.1767
16.1767
9.18963
10.8756
10.8756
7.28308
13.1592
13.1592
13.1592
-0.227507
4.65143
0.261701
2.08693
-0.123507
-0.123507
1.75228
1.75228
-0.248005
4.06271
-0.0854548
0.345012
1.21236
0.258055
0.258055
0.258055
0.258055
0.258055
27.848
-0.0433216
1.5559
0.170615
2.23984
2.90865
7.18696
0.678961
0.678961
2.08163
0.387596
0.387596
0.387596
11.5053
13.3831
0.673507
-0.225946
-0.225946
-0.225946
2.89357
2.89357
4.519
4.519
4.519
5.77504
5.77504
0.242408
0.242408
-0.190921
0.427396
0.534285
0.982289
0.982289
12.1848
7.56379
1.67974
2.43174
2.43174
2.43174
10.1851
10.1851
10.1851
10.1851
1.69396
33.0158
33.0158
14.1996
1.27691
9.53683
9.53683
31.4106
31.4106
31.4106
31.4106
2.48913
2.48913
2.48913
2.48913
2.48913
2.48913
2.48913
13.1487
17.9686
0.0515219
2.0725
2.0725
5.29149
5.29149
0.96439
0.96439
19.7201
19.7201
1.00371
1.00371
1.00371
0.431275
2.52396
2.52396
2.52396
-0.0973206
11.5878
13.0036
2.21926
2.21926
2.21926
9.4379
9.4379
9.4379
17.0925
36.1581
-0.154208
-0.259549
2.08641
-0.372016
-0.372016
24.8537
24.8537
24.8537
0.945626
8.59084
8.59084
8.59084
-0.213361
-0.213361
9.30824
9.30824
9.30824
9.30824
11.5623
11.5623
44.0255
6.04374
0.513624
0.513624
5.13316
5.13316
57.5165
57.5165
1.70098
1.70098
7.97185
7.97185
-0.0731151
-0.00182097
2.76916
27.6393
27.6393
3.3651
3.3651
3.3651
3.3651
3.59881
3.59881
3.59881
3.59881
0.527149
1.39484
0.243566
0.243566
0.243566
8.08743
11.0417
2.2264
0.0871477
-0.367424
8.25861
8.25861
0.221363
6.77499
6.77499
1.77883
0.153217
-0.244526
-0.200824
1.17373
1.17373
10.9415
10.9415
10.9415
0.102425
1.274
6.77948
19.4715
19.4715
-0.00400176
2.15807
5.47706
5.47706
22.7025
5.41252
-0.0664683
-0.0664683
-0.0664683
12.9541
3.13484
3.13484
0.634727
0.634727
0.767114
0.767114
0.767114
0.622268
0.622268
0.622268
0.622268
0.173846
0.173846
0.160919
8.96791
8.96791
22.9522
22.9522
22.9522
22.9522
22.9522
1.45493
15.1411
15.1411
15.1411
12.0277
12.0277
12.0277
12.0277
12.0277
11.6943
7.74611
7.74611
7.74611
7.74611
7.74611
7.74611
0.00884839
0.00884839
0.566889
15.5875
1.09079
33.445
12.6725
1.00567
1.00567
3.04204
3.04204
27.8004
27.8004
4.54945
4.54945
4.54945
4.54945
0.360567
0.360567
0.360567
0.416368
0.201316
0.201316
0.55942
0.55942
0.232561
4.81367
7.91605
0.184712
-0.348918
-0.279791
1.10334
1.10334
1.10334
1.10334
1.10334
15.0475
15.0475
7.79284
7.79284
7.79284
9.31124
9.31124
9.65855
9.65855
9.65855
1.30391
5.56878
0.0633883
31.6256
31.6256
1.2738
4.06633
4.06633
4.06633
4.06633
4.06633
9.77526
9.15963
9.15963
0.112857
0.112857
3.47535
3.47535
3.47535
3.47535
3.47535
4.52761
4.52761
16.4894
16.4894
-0.207185
-0.207185
0.386213
25.8668
14.4965
0.978121
-0.259281
-0.259281
0.144231
0.144231
0.144231
0.5332
2.40255
6.35387
6.35387
6.35387
5.19252
5.19252
0.464079
0.464079
0.0396944
0.162202
0.162202
-0.0308087
0.358835
0.358835
0.358835
-0.111
5.31772
5.31772
5.31772
28.0626
28.0626
28.0626
1.50199
1.50199
0.224448
0.224448
0.224448
0.224448
0.224448
0.224448
-0.030134
9.5233
4.72852
-0.248123
-0.248123
-0.248123
-0.248123
0.244764
2.25649
-0.132136
1.71795
2.23831
8.74898
15.5275
15.5275
15.5275
51.1336
38.6429
38.6429
26.9628
4.87379
1.54549
-0.283178
-0.283178
-0.283178
-0.283178
4.04055
0.401301
-0.16821
0.114597
0.627533
0.627533
0.208372
6.24833
6.24833
6.24833
3.24986
-0.238129
0.580794
0.53852
13.3973
13.3973
1.32287
2.15964
5.38615
-0.0530575
-0.0530575
1.01994
0.721809
0.721809
0.821467
0.821467
-0.226964
-0.226964
-0.226964
12.2787
8.69795
8.69795
-0.126747
13.3851
13.3851
6.41438
6.41438
6.41438
6.41438
1.42984
-0.385051
9.87251
-0.0722639
0.47235
0.194922
0.0382647
0.0382647
0.199458
0.199458
0.199458
0.951002
0.00591492
16.4973
16.4973
0.229519
4.72329
4.72329
4.72329
0.572573
-0.15434
-0.15434
8.753
8.753
12.8934
13.6225
13.6225
9.54001
9.54001
0.803071
0.803071
-0.140686
7.61798
7.61798
7.61798
11.3402
0.619716
21.2858
-0.263436
1.07243
8.54092
8.54092
8.54092
-0.218624
5.24208
0.699399
0.699399
0.699399
0.699399
12.8339
12.8339
0.919103
0.919103
-0.21463
0.811482
0.811482
0.0878006
7.91232
7.91232
1.03826
1.03826
4.85815
9.7148
-0.139063
0.0470553
0.0470553
-0.306797
-0.306797
-0.18555
0.412411
16.3203
16.3203
1.39357
1.39357
-0.302722
7.1054
3.71359
18.3452
4.02705
4.02705
0.782171
0.782171
0.782171
0.782171
0.021321
0.021321
0.701834
0.701834
0.701834
0.043186
10.2824
10.2824
10.2824
10.2824
10.2824
0.157763
0.157763
7.11322
1.36901
2.10224
2.10224
2.10224
0.801598
2.39837
2.39837
2.39837
2.39837
2.39837
2.39837
2.39837
2.00732
1.05189
1.05189
1.05189
-0.248447
0.658527
0.658527
8.55992
8.55992
2.28625
2.28625
3.45843
3.45843
4.46571
6.17933
6.17933
6.17933
6.17933
-0.384097
2.9137
0.808537
0.808537
4.21232
4.21232
30.511
2.81006
2.81006
12.3934
12.3934
12.3934
12.3934
12.3934
25.8616
2.36968
-0.0249845
20.1173
20.1173
20.1173
20.1173
23.6492
23.6492
0.423637
0.423637
0.423637
0.423637
0.423637
0.423637
5.7143
5.7143
5.7143
5.7143
2.19841
16.732
-0.252815
0.252326
0.183298
1.73983
12.4604
4.42456
4.42456
-0.19295
-0.19295
-0.19295
0.876472
5.33169
23.1029
0.150407
0.150407
0.650908
0.650908
0.650908
5.31403
5.31403
-0.245567
-0.245567
-0.245567
-0.245567
20.5495
0.926907
0.926907
-0.332798
-0.332798
-0.262578
-0.262578
-0.262578
-0.262578
-0.262578
1.4639
8.09678
8.09678
-0.437874
-0.437874
-0.437874
11.6359
11.6359
7.05811
7.05811
18.9845
0.296459
0.296459
0.296459
4.61305
4.61305
5.21928
5.21928
5.21928
6.67288
0.63204
11.7346
11.7346
6.69169
4.80404
4.80404
4.80404
4.80404
3.99974
1.4963
6.45204
6.45204
6.45204
6.45204
6.45204
1.29898
7.94976
10.0219
28.8731
28.8731
-0.279253
-0.279253
-0.279253
-0.279253
-0.279253
-0.196876
5.79963
5.79963
0.598099
0.598099
0.598099
-0.0862685
-0.0862685
9.00096
nan
10.1261
11.824
13.3966
13.3966
24.2702
24.2702
24.2702
6.7132
-0.2118
8.21397
8.21397
8.21397
8.21397
4.58852
2.9981
2.9981
0.533323
0.84152
0.84152
8.84657
35.4678
21.4348
34.037
34.037
0.446904
-0.453339
-0.453339
-0.234208
-0.27159
10.2729
10.2729
10.2729
16.1093
16.1093
6.44686
3.35717
3.35717
3.35717
3.35717
3.35717
5.72238
0.906746
-0.23335
36.4595
10.1115
10.1115
10.1115
7.22208
7.22208
7.22208
0.574578
-0.259848
3.33263
18.2316
18.2316
18.2316
18.2316
18.2316
3.12337
7.6947
-0.435254
-0.435254
-0.435254
0.103868
10.4413
10.4413
13.7362
3.65148
1.30524
1.30524
1.30524
1.30524
18.6726
16.7304
31.1296
31.1296
33.011
17.1304
1.0432
1.0432
6.53081
6.53081
6.93175
0.541254
7.59254
5.46949
1.50707
1.50707
0.57964
0.57964
0.57964
18.9446
18.9446
-0.429301
-0.276968
0.549838
2.41853
2.41853
2.41853
2.41853
2.41853
0.103893
-0.0907893
-0.0652463
-0.0652463
-0.0652463
-0.0652463
-0.0652463
4.03525
1.76892
1.76892
1.76892
12.6875
12.6875
12.6875
12.6875
1.36469
1.36469
31.798
31.798
31.798
16.374
16.374
16.374
3.20689
3.20689
0.351928
0.351928
0.539583
0.539583
0.372954
2.63078
2.63078
3.63808
0.967619
3.65447
4.74578
4.74578
4.74578
4.74578
33.797
4.94478
4.94478
4.94478
4.94478
4.94478
4.41882
4.41882
53.0478
53.0478
53.0478
13.0922
13.0922
13.0922
13.0922
28.2756
28.2756
3.23664
3.23664
3.23664
3.23664
0.628421
0.628421
1.87695
-0.317863
-0.317863
4.51783
4.51783
9.91308
4.81822
1.32971
-0.234605
-0.234605
-0.151116
-0.249059
0.176636
13.4152
13.4152
-0.0618874
7.10927
7.10927
7.10927
2.08201
7.77256
3.7737
-0.281691
-0.281691
19.8946
4.50053
4.50053
4.50053
4.50053
4.50053
8.98856
0.0251488
0.0251488
0.335436
2.7307
-0.152593
-0.152593
-0.310628
3.09638
3.09638
3.09638
0.990044
0.990044
13.9423
10.3957
40.6659
40.6659
40.6659
40.6659
1.34382
1.34382
1.34382
1.34382
0.97443
0.97443
1.02135
6.22063
6.22063
14.5509
14.5509
14.5509
14.5509
7.66368
7.66368
7.66368
10.6644
8.71321
8.71321
8.71321
7.2126
7.2126
1.03073
3.48352
3.48352
3.02407
3.02407
3.80778
0.944056
0.944056
19.4127
1.88059
-0.184494
-0.184494
0.91967
0.91967
-0.251442
6.23305
6.23305
6.23305
-0.00180854
-0.232809
-0.232809
0.0704831
-0.256734
1.65445
0.276705
0.502357
0.502357
0.502357
0.121556
7.92676
0.596861
1.31496
-0.441932
-0.441932
-0.441932
0.648424
0.648424
0.648424
15.8329
5.02434
1.22071
1.22071
1.22071
1.22071
1.22071
41.7031
41.7031
41.7031
41.7031
41.7031
41.7031
41.7031
41.7031
41.7031
11.2053
11.2053
7.9147
7.9147
1.38517
1.38517
-0.353539
-0.188763
-0.188763
-0.188763
-0.188763
3.16499
3.16499
13.9612
-0.27001
-0.27001
-0.27001
-0.27001
-0.27001
-0.27001
-0.25215
3.49473
3.49473
3.49473
3.49473
7.26314
7.26314
9.81168
10.7875
10.7875
10.7875
10.7875
10.7875
9.69057
9.69057
2.10465
2.10465
2.10465
2.10465
2.10465
2.10465
0.212495
8.36072
8.36072
8.36072
8.36072
2.92345
4.3141
2.59302
2.59302
2.59302
2.59302
5.26178
5.26178
19.9707
19.9707
19.9707
19.9707
19.9707
16.0864
14.2829
0.79636
0.79636
1.38434
1.38434
9.91171
9.91171
27.5584
0.234374
5.72776
5.72776
5.72776
1.72221
-0.244581
-0.230489
1.69965
1.69965
12.6219
12.6219
12.6219
0.281264
11.0645
11.0645
11.0645
11.0645
0.17549
0.17549
0.17549
0.17549
0.17549
0.17549
0.17549
0.17549
0.17549
12.8998
8.86412
8.86412
9.01494
9.01494
9.01494
9.01494
4.55905
15.7807
15.7807
7.51876
7.51876
7.51876
0.539901
0.564076
0.564076
21.4808
10.1169
10.1169
9.90367
9.90367
9.90367
9.90367
4.07714
3.6383
-0.00355654
-0.00355654
-0.00355654
27.7294
7.87436
7.87436
14.6096
5.78402
30.0196
34.2665
34.2665
12.0021
12.0021
0.0583728
5.18835
5.18835
4.03369
3.98287
3.98287
3.98287
3.98287
5.79249
0.188631
0.188631
-0.166762
-0.166762
4.12526
1.2962
1.2962
1.2962
1.2962
29.6792
29.6792
1.86763
1.86763
1.86763
4.0451
-0.080918
-0.0519407
11.7888
10.3864
8.14471
-0.0685893
-0.0685893
-0.0926964
-0.0926964
0.774855
0.774855
5.63021
32.2507
32.2507
33.6303
33.6303
33.6303
33.6303
10.0935
3.59009
3.59009
0.570044
0.570044
0.570044
24.6396
24.6396
24.6396
24.6396
24.6396
0.774408
0.774408
5.12991
0.465723
0.465723
0.465723
0.465723
0.465723
0.465723
0.465723
5.80782
5.80782
6.30667
6.30667
6.30667
6.30667
20.6045
20.6045
20.6045
20.6045
20.6045
4.73252
2.6344
-0.202589
-0.202589
-0.0124736
-0.398372
-0.241186
8.53741
8.53741
8.53741
18.1263
18.1263
-0.181108
7.70022
8.79092
8.79092
8.79092
8.79092
8.79092
3.66121
3.66121
-0.24758
0.0473208
5.57653
5.57653
17.0486
17.0486
17.0486
17.0486
10.2574
10.2574
10.4611
0.338663
0.338663
0.338663
34.0445
34.0445
7.36564
7.36564
7.36564
1.71831
1.71831
1.71831
-0.246194
-0.0209182
28.0479
28.0479
12.91
13.9237
13.9237
19.1641
19.1641
0.0471105
0.662719
0.662719
-0.284598
-0.284598
1.12484
-0.266135
2.80062
2.80062
7.22052
28.022
4.03551
4.03551
0.699445
0.699445
0.481131
2.09759
1.81229
1.81229
17.5832
17.5832
0.0566707
0.0566707
0.0566707
11.1285
0.387158
0.84187
5.25353
9.7005
9.7005
0.598633
2.63774
-0.408786
0.947241
0.947241
2.77292
2.77292
7.9283
0.258505
10.3576
10.3576
10.3576
10.3576
10.3576
24.5881
-0.0199173
3.76888
3.76888
1.49114
1.31895
1.31895
1.31895
1.31895
1.31895
1.31895
0.643806
1.85856
3.01288
5.11613
5.11613
6.96042
0.066303
9.42175
9.42175
9.42175
9.42175
9.42175
-0.101198
-0.385097
-0.263557
-0.209677
15.9041
-0.190207
-0.368944
-0.0255016
2.85494
2.85494
2.85494
2.85494
3.94841
2.58009
0.850603
0.850603
0.850603
0.850603
-0.0993857
8.53886
3.93797
3.93797
3.93797
11.2803
11.2803
4.92408
9.108
4.88384
4.88384
4.88384
4.88384
4.88384
4.88384
4.88384
0.671653
0.671653
0.671653
0.624498
3.80016
3.80016
-0.255434
-0.255434
-0.255434
-0.255434
11.8165
0.41291
0.41291
0.356651
-0.395498
-0.223337
-0.223337
0.594733
0.140156
14.038
23.5622
23.5622
9.3056
7.35246
0.453662
3.64399
4.8121
4.8121
4.8121
1.1604
8.3354
-0.24498
0.764287
0.764287
0.764287
0.764287
0.764287
0.764287
-0.269006
-0.269006
-0.269006
0.8747
5.57805
11.9965
11.9965
11.9965
11.9965
2.39521
0.271347
0.592668
1.62166
0.726671
0.166277
1.49705
29.8878
67.1999
67.1999
67.1999
8.55025
6.3307
6.3307
5.21963
-0.168749
-0.168749
-0.168749
-0.168749
14.0954
14.0954
16.5579
16.5579
16.5579
30.1172
30.1172
30.1172
30.1172
30.1172
9.0728
9.0728
5.70555
5.70555
5.70555
6.78436
6.78436
4.83069
4.83069
4.83069
-0.282716
-0.282716
-0.282716
-0.282716
-0.282716
0.00208197
0.422422
-0.417954
-0.417954
-0.417954
-0.417954
-0.417954
-0.417954
-0.417954
-0.26554
2.97474
6.83367
15.7401
15.7401
15.7401
15.7401
15.7401
15.7401
0.234959
0.234959
0.234959
0.234959
0.234959
9.24193
9.24193
0.687123
0.687123
0.687123
0.469637
-0.292672
-0.292672
0.51979
0.51979
0.51979
0.671957
0.671957
0.671957
0.671957
0.805119
0.805119
10.7332
17.5835
17.5835
17.5835
17.5835
11.576
0.84985
0.919813
0.919813
0.919813
4.12013
4.12013
10.8548
2.74919
6.76581
1.62402
-0.0201398
-0.0201398
7.95296
7.95296
-0.246758
-0.246758
-0.246758
-0.246758
-0.246758
-0.318054
-0.318054
-0.318054
28.2446
1.56312
-0.19387
-0.19387
0.163106
11.8692
0.219359
0.219359
0.2398
0.238165
-0.247576
1.33509
5.05194
10.0563
10.0563
1.63497
1.63497
15.0604
15.0604
15.0604
15.0604
4.64874
0.0705384
0.0705384
0.0705384
-0.209215
-0.209215
-0.154246
-0.154246
-0.274283
11.0971
6.33485
9.80758
9.80758
9.80758
5.54256
5.54256
8.96236
8.96236
13.2889
13.2889
13.2889
13.2889
13.2889
13.2889
13.2889
13.2889
13.2889
13.2889
1.55542
1.55542
1.55542
0.619144
2.98437
7.98637
7.98637
7.98637
7.98637
7.98637
7.98637
7.98637
7.98637
12.2465
14.4031
1.66873
1.66873
1.00673
-0.376899
-0.376899
36.0567
14.0468
14.0468
14.0468
14.0468
14.0468
14.0468
3.1258
3.1258
1.61498
3.4354
3.4354
3.4354
1.19537
1.19537
19.8159
19.8159
7.70741
3.91709
7.8803
0.218849
0.218849
0.246283
-0.266924
-0.266924
-0.266924
-0.266924
-0.191957
-0.191957
0.862655
0.862655
0.862655
0.862655
0.862655
0.862655
0.862655
3.04305
3.04305
2.24086
21.1749
21.1749
21.1749
21.1749
21.1749
11.0448
3.81885
3.81885
3.81885
-0.241659
3.42494
3.42494
3.42494
3.42494
3.42494
3.13789
0.0795794
0.0795794
0.0795794
0.0795794
0.0795794
1.01714
5.29037
5.85957
5.85957
5.85957
5.85957
5.85957
5.85957
5.85957
5.85957
0.552496
4.52837
-0.189638
0.420085
0.420085
0.420085
-0.331858
22.0401
22.0401
22.0401
11.1874
11.1874
11.1874
0.777551
0.104893
-0.24953
-0.24953
2.15999
16.1647
-0.0555255
1.69079
1.69079
-0.0750598
4.26563
5.60922
-0.362864
23.0984
23.0984
23.0984
23.0984
23.0984
23.0984
23.0984
23.0984
20.3259
11.6482
11.6482
4.38365
4.38365
4.38365
1.67259
3.14219
3.14219
3.14219
3.14219
5.51134
2.68151
2.68151
2.68151
2.68151
0.236919
0.236919
0.236919
0.236919
0.236919
-0.125823
1.52206
-0.331404
-0.331404
-0.331404
-0.331404
-0.331404
1.94909
2.76644
2.76644
2.76644
0.946668
45.4733
45.4733
45.4733
45.4733
45.4733
45.4733
0.755464
0.755464
0.755464
0.755464
0.755464
0.352115
14.7139
2.29109
1.45705
-0.146156
2.37389
1.97728
-0.235683
-0.235683
2.67703
9.70966
9.70966
-0.234419
-0.414526
-0.414526
6.28373
6.28373
6.28373
7.92348
-0.261095
17.5695
17.5695
4.04563
4.04563
4.04563
1.20974
1.20974
1.20974
1.20974
0.598699
0.598699
0.147538
6.23118
33.7264
-0.226616
-0.226616
1.0172
-0.246479
-0.246479
-0.246479
-0.246479
-0.243647
10.3854
3.30874
3.30874
3.30874
2.51741
11.3987
4.97887
9.72157
3.8634
3.8634
-0.140606
-0.140606
-0.140606
2.84667
0.904468
0.904468
0.904468
0.342216
0.698124
0.698124
0.698124
9.58598
9.58598
-0.275588
-0.180251
-0.180251
0.331237
0.331237
0.331237
-0.22565
-0.278081
-0.278081
0.248112
1.29701
-0.257903
0.471198
0.471198
5.02951
0.824796
10.1351
10.1351
18.6956
-0.202967
-0.386302
0.603573
-0.319665
-0.12002
5.59635
1.44341
1.44341
7.48621
-0.268346
-0.268346
-0.268346
0.287384
2.16373
0.311223
0.311223
0.794047
0.794047
42.392
48.9457
48.9457
3.98838
-0.288837
-0.288837
-0.288837
-0.288837
1.24401
9.23944
3.4578
3.4578
3.4578
3.4578
-0.280203
-0.271783
-0.271783
1.77107
1.77107
5.44575
5.44575
5.44575
5.44575
5.44575
0.432342
0.432342
4.76035
0.648158
0.814268
0.288537
0.899731
0.161822
6.81191
6.81191
6.81191
6.81191
2.05009
2.05009
4.9907
0.515908
0.580384
0.105451
0.105451
0.105451
0.105451
0.105451
0.105451
0.105451
5.43603
24.6279
24.6279
24.6279
3.53422
3.53422
3.53422
3.53422
-0.270263
-0.270263
9.25091
9.25091
3.97796
0.150564
0.150564
0.150564
0.150564
0.150564
0.150564
0.150564
0.150564
0.150564
0.150564
0.150564
11.8322
11.8322
11.8322
11.8322
11.8322
11.8322
11.8322
19.6796
0.351902
9.81306
9.81306
3.77272
4.96466
4.96466
4.96466
4.96466
5.88897
5.88897
5.88897
5.88897
5.88897
5.88897
5.88897
29.6604
29.6604
-0.122388
-0.122388
1.12513
1.12513
0.348851
0.348851
0.348851
0.348851
0.631036
0.631036
0.631036
0.532753
0.532753
-0.304554
15.0837
15.0837
15.0837
-0.249168
0.605475
0.356814
12.6506
12.6506
3.61879
3.61879
3.61879
2.94672
-0.127544
27.4922
7.59897
-0.358167
-0.0960781
0.729057
2.80152
0.0915927
0.734793
-0.334808
0.516496
12.6848
12.6848
2.17441
2.17441
2.17441
2.17441
-0.24579
-0.24579
-0.24579
1.33706
1.33706
1.33706
0.0476659
0.0476659
4.43967
4.43967
1.84319
1.84319
1.84319
1.84319
11.6576
11.6576
11.6576
11.6576
8.57935
8.57935
15.9616
1.90063
1.90063
23.0313
23.0313
23.0313
23.0313
23.0313
23.0313
23.0313
3.02647
3.02647
18.7846
18.7846
3.48343
3.48343
3.48343
3.48343
3.48343
10.0451
1.01894
1.01894
4.61801
-0.243926
-0.243926
-0.0358176
19.899
-0.391119
-0.391119
0.0185642
0.658281
-0.353244
-0.200124
-0.200124
-0.200124
5.87461
5.87461
1.79304
0.625233
13.3668
6.45714
0.254908
1.08023
1.08023
1.08023
1.08023
-0.383204
4.85558
1.15155
-0.0238067
2.29415
2.29415
0.745922
0.745922
-0.291022
0.594851
-0.281231
42.4547
42.4547
0.0324675
0.0324675
0.0324675
0.0324675
2.65041
2.65041
2.65041
2.65041
2.65041
19.108
19.108
19.108
19.108
19.108
19.108
19.108
19.108
3.07584
6.25048
6.25048
20.1768
20.1768
1.14446
3.27226
3.27226
6.46363
6.46363
6.46363
0.126478
0.126478
0.126478
0.223146
0.223146
0.223146
5.19904
5.19904
0.775338
0.775338
4.02634
4.02634
4.02634
4.02634
30.2847
30.2847
0.30318
0.30318
8.0441
8.0441
-0.06206
-0.06206
-0.06206
2.06878
2.06878
-0.247078
1.18164
1.18164
0.606129
0.0238977
0.531864
0.531864
7.28935
0.289478
10.2246
-0.350576
-0.350576
-0.350576
-0.350576
0.401124
0.401124
-0.401043
-0.389525
8.29499
8.29499
0.678083
9.60942
5.29624
5.29624
51.8263
51.8263
51.8263
7.29935
7.29935
7.29935
7.29935
0.655961
0.655961
0.59901
0.187713
0.187713
0.187713
0.187713
0.187713
0.187713
2.14604
7.67949
7.67949
7.67949
7.67949
13.0351
13.0351
10.5527
30.1705
13.4738
-0.200347
-0.200347
0.851543
0.851543
-0.0442497
3.51843
3.51843
3.51843
10.2837
12.2245
12.2245
12.2245
12.2245
0.331863
-0.262842
-0.403048
-0.403048
0.783056
2.496
21.4362
6.28271
0.763099
0.763099
0.763099
6.81701
6.81701
6.81701
6.81701
6.81701
1.85532
1.85532
1.85532
-0.248026
0.536294
0.536294
2.98386
0.274666
15.0043
15.0043
15.0043
26.9996
0.216233
0.216233
37.8967
12.5006
0.708575
0.708575
0.708575
0.426423
-0.183036
-0.183036
-0.344564
3.39835
3.39835
5.00045
0.473337
1.15827
1.15827
1.15827
1.15827
1.15827
1.15827
1.15827
9.38274
9.38274
9.38274
9.88687
9.88687
9.88687
15.9309
0.940811
0.940811
0.326007
0.326007
0.326007
0.326007
0.326007
-0.123691
10.6784
16.9318
16.9318
16.9318
4.52942
5.4998
5.4998
1.18851
-0.154271
-0.154271
3.2072
-0.0951632
0.887186
0.887186
-0.332719
-0.332719
-0.332719
-0.332719
-0.332719
-0.332719
0.958763
1.09895
16.8914
16.8914
16.8914
46.4063
46.4063
46.4063
15.0964
15.0964
19.8814
-0.388603
0.103748
-0.136809
3.60727
8.44605
8.44605
10.2647
10.2647
6.85505
6.85505
4.60902
4.60902
4.60902
17.7154
1.54936
0.754275
5.20928
5.20928
-0.157989
-0.157989
-0.41231
-0.41231
-0.41231
-0.191005
5.51608
7.07339
-0.258059
-0.258059
7.89867
7.89867
7.89867
14.1869
14.1869
14.1869
14.1869
14.1869
14.1869
17.75
17.75
5.81937
17.4314
41.2989
0.747304
1.32566
-0.0550392
-0.392618
0.286167
0.286167
-0.389278
8.29036
3.73711
10.1685
0.230259
7.52187
7.52187
-0.207076
-0.207076
0.114091
0.114091
2.28165
-0.122456
1.71269
1.00231
0.503913
6.91289
-0.324821
-0.324821
-0.239207
-0.217669
-0.217669
-0.217669
-0.352295
-0.352295
-0.352295
62.5695
62.5695
36.2844
44.9846
44.9846
44.9846
23.4233
14.0418
0.153655
15.1996
0.309583
1.31691
1.06484
7.82211
7.82211
0.469881
0.469881
-0.103836
-0.103836
5.33588
5.33588
5.27313
11.9399
2.80062
2.80062
4.93287
6.23351
3.97844
1.50914
1.50914
10.1086
1.0746
1.0746
1.0746
35.2751
1.32425
7.74683
7.74683
7.16471
2.39171
2.39171
1.75504
7.71846
0.408097
0.408097
1.12715
0.00989978
0.00989978
0.00989978
0.00989978
4.14505
8.63657
5.84932
5.84932
5.84932
5.84932
5.84932
5.84932
-0.170838
3.87586
-0.372893
10.0464
10.0464
3.97386
4.11945
0.316069
0.316069
3.01304
1.90781
0.673622
0.673622
3.78709
3.64817
3.64817
11.5198
11.5198
-0.15587
3.18283
3.18283
3.18283
3.18283
10.143
0.485139
0.485139
0.485139
1.31762
7.00218
7.00218
7.00218
7.00218
-0.362724
-0.362724
-0.362724
-0.362724
-0.362724
-0.362724
-0.362724
5.30127
5.30127
5.30127
1.13375
-0.293563
-0.293563
-0.213024
1.70707
1.70707
-0.190832
2.78897
3.26373
4.69948
4.69948
4.69948
4.69948
4.69948
4.69948
0.633105
0.0437578
0.565364
4.70889
4.70889
4.70889
4.70889
4.70889
4.70889
4.70889
4.70889
6.17577
13.1753
13.1753
13.1753
13.1753
0.581871
0.581871
0.581871
-0.291839
-0.296078
4.304
4.304
4.304
4.304
4.304
4.304
0.968651
0.968651
13.5354
0.46454
1.56126
3.26097
3.26097
3.26097
3.26097
3.26097
1.34379
1.34379
1.34379
1.15212
1.15212
1.15212
1.15212
0.547006
7.01926
-0.19676
-0.19676
0.0240741
-0.146795
-0.24056
-0.24056
4.01332
-0.0432072
-0.0432072
-0.216055
-0.367426
-0.367426
-0.367426
-0.367426
21.0577
21.0577
0.481238
2.77391
5.75343
5.75343
-0.349311
-0.349311
-0.182926
-0.182926
-0.182926
10.9739
10.9739
7.84469
1.05894
1.05894
1.05894
1.05894
1.05894
1.05894
0.261966
5.03074
5.03074
5.03074
5.03074
4.91768
4.91768
2.36614
6.13503
6.13503
7.50111
7.50111
-0.435365
0.358969
0.358969
9.56943
9.56943
9.56943
33.2399
29.1707
3.54021
7.85506
7.85506
7.85506
7.85506
0.0420705
0.0420705
2.48246
0.803441
-0.344827
-0.344827
2.03054
-0.278785
0.678917
3.99068
-0.396783
-0.374223
-0.434547
-0.434547
-0.434547
-0.434547
-0.434547
-0.434547
16.1523
16.1523
19.066
14.7456
3.23236
3.23236
2.12429
2.12429
7.83974
7.83974
-0.0693344
7.96419
7.96419
7.96419
7.96419
7.24708
7.24708
11.1337
11.1337
1.3002
1.3002
1.18631
1.63003
1.63003
1.63003
1.98204
1.98204
9.95042
5.64205
4.57919
4.57919
4.57919
4.57919
0.250035
1.30076
8.20539
1.00722
1.00722
1.00722
1.00722
1.00722
13.6131
0.564088
0.564088
0.518827
0.518827
0.932262
0.932262
0.932262
0.932262
10.2886
10.2886
10.2886
10.2886
10.2886
10.2886
5.57745
2.51602
0.308308
0.308308
0.308308
-0.205579
0.0884938
67.556
26.721
2.24415
2.24415
2.24415
2.24415
11.2028
11.2028
11.2028
3.07974
3.07974
30.2226
30.2226
30.2226
30.2226
30.2226
21.6886
21.6886
21.6886
21.6886
11.2231
9.04278
-0.246732
13.954
13.954
29.9972
29.9972
29.9972
0.932585
0.932585
0.932585
0.932585
0.932585
0.932585
0.932585
0.455589
-0.238076
-0.209481
-0.158844
-0.242821
2.73059
2.73059
2.73059
2.73059
-0.291526
-0.291526
-0.291526
-0.291526
-0.291526
-0.197579
1.10372
1.10372
1.55193
1.55193
1.55193
1.74454
-0.27438
-0.225125
-0.255379
9.07679
9.07679
-0.270701
-0.270701
10.8049
10.8049
10.8049
1.31773
1.31773
1.31773
1.31773
1.31773
1.31773
-0.152791
-0.352742
-0.352742
25.0879
25.0879
25.0879
11.1553
-0.26251
-0.0387123
-0.0387123
0.439046
5.83177
5.83177
5.83177
5.83177
5.83177
23.9773
9.17413
1.14824
16.2233
16.2233
0.208833
0.104797
0.787059
2.23015
2.23015
2.23015
1.99305
2.23722
13.9578
0.917245
0.917245
0.958963
3.66002
3.66002
3.66002
25.0102
25.0102
25.0102
14.4169
16.165
16.165
16.165
16.165
1.53969
12.1434
12.1434
1.71832
0.713577
1.73787
1.22883
2.79789
2.79789
2.79789
0.842974
0.842974
0.842974
0.842974
13.6622
13.6622
4.53936
3.01676
3.01676
0.478724
-0.0118361
16.3003
16.3003
0.533771
3.45603
3.45603
5.04067
5.04067
5.04067
5.04067
3.52153
3.52153
3.52153
3.52153
9.26523
9.26523
0.443638
0.443638
1.01403
1.01403
0.805921
0.805921
0.805921
3.27164
3.27164
3.27164
3.27164
0.0529918
0.0529918
0.565935
0.565935
15.5254
19.8655
21.6074
1.02796
5.271
1.77012
0.0908362
0.0908362
-0.323621
-0.262278
-0.262278
-0.262278
5.73182
5.73182
5.73182
0.944914
0.789321
0.789321
-0.361494
15.1965
0.423138
0.423138
-0.23871
-0.23871
-0.23871
-0.23871
-0.226236
-0.226236
0.830243
0.40748
-0.161651
2.22958
1.25768
5.29901
5.29901
0.591973
0.591973
7.09624
7.09624
7.09624
2.95163
2.95163
19.7866
40.3286
40.3286
40.3286
2.38823
2.38823
1.97211
0.379993
0.379993
13.6347
3.47137
3.47137
15.3001
9.18547
-0.0680964
-0.0680964
-0.0680964
-0.0680964
-0.0680964
-0.0680964
1.77835
4.86528
3.83372
0.0803592
1.47534
-0.41427
-0.41427
-0.41427
-0.41427
-0.41427
-0.41427
0.319244
0.319244
5.04635
5.04635
5.04635
5.04635
2.67832
2.67832
2.67832
1.40709
3.67481
3.67481
3.67481
4.37488
-0.198625
1.90037
1.90037
10.0538
10.0538
-0.0483804
2.77002
0.797267
0.797267
0.797267
0.797267
2.90277
13.3011
20.51
20.51
20.51
7.5808
7.5808
7.5808
7.5808
7.5808
7.5808
7.5808
1.64759
1.64759
-0.282609
-0.282609
0.743542
0.743542
0.743542
1.95967
11.525
1.66871
0.0585548
-0.267812
0.234451
2.6914
1.25114
1.25114
1.25114
1.25114
0.522073
0.522073
0.451305
0.451305
-0.386775
2.11887
2.11887
5.0146
5.0146
5.0146
0.0208818
0.0208818
0.0208818
0.0208818
0.0208818
0.0208818
-0.304531
-0.304531
0.395027
0.395027
1.09299
-0.265494
0.299454
-0.156449
-0.156449
8.88607
0.0950106
0.180294
1.36577
1.36577
1.36577
0.551949
0.551949
19.4311
1.0166
1.0166
2.40621
2.40621
0.0125076
0.215936
0.215936
0.438571
0.438571
1.68998
1.68998
3.37081
2.50305
1.38575
1.38575
1.38575
1.38575
-0.398364
-0.398364
-0.0809707
2.97934
19.1962
2.60732
5.28982
5.28982
21.9795
21.9795
21.9795
21.9795
21.9795
21.9795
21.9795
21.9795
21.9795
0.208245
-0.309991
-0.309991
-0.309991
-0.309991
-0.309991
0.895492
0.895492
0.895492
0.700645
0.700645
0.458465
4.8687
4.8687
-0.355775
-0.355775
-0.355775
-0.234963
-0.211039
4.38826
20.3009
20.3009
11.1557
11.1557
7.64202
7.64202
7.64202
0.831242
-0.233354
-0.233354
2.32854
2.32854
0.275343
0.275343
18.4666
1.13231
1.13231
-0.324955
-0.190201
-0.190201
10.7702
2.52874
2.52874
4.37894
4.37894
4.37894
4.37894
4.37894
3.04957
3.04957
3.04957
3.04957
1.55394
11.459
-0.139436
1.74933
1.74933
-0.364752
-0.364752
1.40206
0.914472
0.0702668
0.0702668
-0.0520117
-0.107446
-0.107446
0.7506
3.27269
0.588364
0.0886571
-0.260159
0.0265302
-0.334695
-0.213686
1.37981
0.718898
0.298584
17.9366
10.8707
10.8707
10.8707
10.8707
11.6223
1.59854
1.59854
6.39326
17.7393
4.05601
4.05601
4.05601
-0.376202
2.13058
2.13058
-0.0212984
6.40545
6.40545
6.40545
6.40545
1.43287
6.70273
6.70273
14.1667
-0.169014
-0.169014
3.22112
3.22112
3.22112
3.22112
3.22112
16.5378
16.5378
16.5378
16.5378
5.9309
-0.162153
-0.162153
-0.162153
4.53422
43.3114
43.3114
0.878049
0.878049
0.0451348
6.95322
-0.0699386
7.11006
0.685325
5.14083
0.140178
4.92883
2.35452
0.312813
0.500616
0.500616
0.500616
0.500616
0.500616
0.500616
0.500616
0.182756
2.28821
2.28821
2.28821
0.622267
0.622267
0.622267
0.445094
-0.0681907
4.0214
2.21833
10.1448
10.1448
10.1448
10.1448
1.24125
1.24125
1.24125
1.24125
2.92099
0.0353625
-0.238219
-0.238219
-0.238219
12.2318
12.2318
12.2318
8.81006
8.81006
4.38589
4.38589
-0.166107
-0.0207288
-0.0207288
-0.0207288
-0.259209
6.93106
-0.32776
-0.32776
2.1693
2.32526
2.32526
2.32526
2.32526
2.32526
1.80783
1.80783
-0.244333
1.49696
1.49696
1.49696
-0.233518
2.26077
0.768258
0.768258
2.19765
2.19765
2.19765
2.19765
2.19765
2.19765
2.19765
9.9055
9.9055
9.9055
9.43886
9.43886
9.43886
9.43886
9.43886
9.43886
9.43886
-0.196892
7.31869
7.31869
0.215162
0.831116
0.831116
0.831116
0.00530473
0.801778
1.23691
9.82285
2.01142
-0.322881
0.0241621
11.0294
11.0294
7.24256
7.24256
7.24256
7.24256
9.00721
3.6096
5.65458
1.6827
18.471
26.2534
26.2534
26.2534
18.9907
18.9907
18.9907
18.9907
18.9907
18.9907
0.981541
0.981541
0.981541
0.981541
5.54762
0.0382001
3.00101
3.00101
8.44355
8.44355
8.44355
8.44355
8.44355
8.44355
18.1826
0.00789643
0.00789643
1.28015
-0.256383
0.680389
0.680389
0.339809
0.339809
0.339809
0.0495661
7.23691
5.07998
5.07998
0.627825
0.627825
26.3503
26.3503
26.3503
4.1178
4.1178
0.252348
3.05119
3.05119
3.05119
4.27072
-0.1771
1.91842
1.91842
13.3835
-0.0410339
-0.108121
0.685378
1.58398
1.58398
1.58398
1.58398
0.00640693
61.1579
63.9567
63.9567
32.9078
32.9078
32.9078
32.9078
32.9078
32.9078
32.9078
27.6836
27.6836
4.6479
4.6479
4.6479
4.6479
16.301
0.667195
4.89109
2.01008
2.01008
2.01008
1.86131
0.311301
18.5787
18.5787
18.5787
5.19369
-0.135434
-0.135434
4.92696
4.92696
0.9506
0.9506
-0.194368
-0.194368
-0.194368
-0.194368
-0.194368
-0.194368
-0.194368
-0.194368
-0.432406
-0.432406
-0.277778
-0.238696
-0.238696
0.434488
-0.302609
-0.302609
-0.302609
-0.302609
1.58032
1.58032
8.50238
7.14899
0.200214
0.200214
0.200214
0.200214
12.2756
2.52392
2.52392
2.52392
2.15686
-0.36347
1.27447
1.27447
1.27447
1.27447
-0.251835
7.8012
7.8012
7.8012
7.8012
7.8012
7.8012
0.58815
0.58815
0.58815
0.58815
1.58716
1.58716
10.3451
0.146547
0.146547
-0.281542
-0.281542
1.70066
-0.214596
1.77841
1.77841
1.77841
1.77841
1.77841
15.4518
4.76996
24.4506
24.4506
-0.297069
-0.297069
15.0432
0.546668
0.546668
1.2362
1.2362
1.2362
2.00449
1.15134
1.15134
1.15134
0.297823
0.297823
0.297823
1.21526
1.21526
1.21526
-0.349079
-0.247125
1.18518
-0.0631099
-0.040149
-0.040149
18.0645
17.8151
17.8151
17.8151
-0.105455
10.3056
10.3056
0.20359
0.20359
4.66154
15.976
15.976
17.5755
-0.119771
6.76379
6.76379
6.76379
6.76379
6.76379
6.76379
-0.304832
-0.304832
0.588067
3.21487
15.4526
0.212677
0.212677
0.212677
4.75798
0.0888091
-0.202902
1.14065
8.60216
8.60216
8.60216
13.8686
13.8686
3.87198
3.87198
1.33401
1.33401
0.083334
1.10282
2.3562
-0.18831
5.34475
5.34475
0.017905
12.4826
16.0167
24.6888
23.6612
23.6612
0.0595451
-0.424614
-0.424614
1.97655
0.00854878
6.55191
6.55191
33.7389
7.80582
-0.224763
3.93016
3.93016
5.90617
5.90617
5.90617
2.53351
-0.107571
-0.107571
-0.107571
-0.420893
-0.135131
1.46597
1.46597
1.46597
1.46597
1.46597
24.5658
6.84835
6.84835
6.84835
-0.386668
-0.0414382
9.44246
9.44246
4.46389
4.46389
16.3368
12.6472
1.4096
1.4096
1.4096
1.4096
0.816956
0.367467
0.367467
0.367467
0.367467
10.5406
10.5406
10.5406
10.5406
7.86426
7.86426
7.32773
7.32773
7.32773
5.86441
1.48658
-0.235789
13.5478
5.69143
0.70471
0.70471
5.50074
4.48249
4.48249
3.55878
3.55878
3.55878
3.55878
3.55878
-0.255942
6.48824
15.9571
15.9571
9.73652
0.971899
-0.314969
0.0117425
0.294717
1.20209
1.20209
-0.357842
-0.288304
1.79418
1.19209
1.19209
1.19209
2.82507
0.697628
0.697628
0.982611
0.982611
0.982611
0.982611
0.392315
0.392315
0.350499
0.350499
3.96346
3.96346
-0.420951
0.321823
2.30643
2.30643
5.26587
5.26587
-0.248817
16.1954
16.1954
16.1954
22.1341
22.1341
22.1341
22.1341
22.1341
1.66019
1.66019
1.96606
-0.2805
-0.2805
-0.265653
-0.265653
8.51948
8.51948
8.51948
8.51948
8.51948
8.51948
8.51948
8.51948
8.51948
8.51948
8.51948
8.51948
4.99475
4.99475
0.780588
0.780588
0.780588
0.780588
0.780588
1.68797
1.68797
1.68797
1.68797
2.22443
4.16693
8.16174
8.16174
8.03533
6.97737
6.97737
0.102548
0.102548
0.102548
0.102548
0.102548
-0.259823
-0.270428
3.32686
-0.40862
-0.40862
-0.40862
-0.40862
0.0674408
0.0674408
7.88462
-0.0629048
-0.0629048
-0.0629048
-0.0629048
4.03595
7.09565
7.09565
7.09565
-0.252278
1.06108
1.06108
1.06108
14.0001
14.0001
2.04635
7.88743
-0.218801
1.00378
1.00378
-0.213696
-0.313284
0.00129536
0.00129536
0.00129536
0.00129536
1.12148
1.12148
1.65691
1.02291
0.182957
2.07271
2.07271
2.07271
2.07271
0.00386498
0.00386498
7.81393
7.81393
7.81393
7.81393
1.03099
1.03099
0.288641
13.7875
13.7875
13.7875
-0.253608
-0.253608
0.0216988
0.279642
0.279642
0.279642
7.57017
-0.41936
-0.41936
-0.41936
-0.41936
12.394
2.73557
-0.201391
-0.201391
-0.201391
8.46893
2.94253
2.94253
1.42026
-0.271469
-0.271469
2.44905
2.44905
0.377413
2.09749
2.09749
-0.154387
7.62614
7.62614
0.589238
7.62204
-0.0404089
-0.0404089
-0.0404089
-0.0404089
3.01089
3.01089
12.2186
12.2186
16.635
2.45903
2.45903
5.31422
0.789768
17.5348
12.653
0.142941
0.142941
4.36095
4.36095
4.36095
2.97692
-0.0769243
-0.0769243
1.94835
0.953446
4.64639
3.00077
3.00077
3.00077
3.00077
4.34704
-0.235841
0.104367
19.0944
0.445174
0.0879443
0.0879443
0.38791
0.38791
0.38791
0.38791
0.38791
-0.269755
0.831452
0.831452
0.831452
0.831452
0.831452
0.831452
1.60727
1.60727
1.60727
1.60727
-0.338561
-0.338561
-0.168752
13.5481
0.372438
0.372438
1.85344
0.426245
0.426245
0.0113916
1.21946
1.21946
1.21946
1.21946
1.21946
1.09626
0.937532
0.937532
0.937532
0.937532
0.937532
0.575447
21.0449
21.0449
21.0449
10.5384
10.7204
3.58239
0.733893
0.733893
0.733893
0.733893
0.292308
6.00925
6.00925
6.00925
6.00925
7.59056
12.5511
12.5511
12.5511
12.5511
12.5511
12.5511
12.5511
12.5511
12.5511
12.5511
-0.176979
0.957117
6.21838
6.21838
6.21838
6.21838
6.21838
6.21838
-0.30115
0.119159
0.119159
0.119159
0.119159
0.119159
1.07955
1.07955
-0.408777
8.02608
-0.332196
-0.377879
-0.0112961
-0.0112961
-0.0112961
-0.0112961
-0.0112961
2.61992
2.61992
2.2777
1.97112
6.82887
9.36556
0.504677
9.55297
9.55297
9.55297
1.35465
6.93773
6.93773
1.00226
1.00226
1.00226
1.00226
1.00226
0.400478
0.400478
0.859334
0.859334
5.16774
5.16774
3.40304
1.33353
-0.110915
21.2556
1.11441
6.92273
6.92273
-0.314583
-0.197927
-0.293192
-0.293192
15.2948
9.36674
10.3729
37.3749
37.3749
37.3749
1.88457
1.88457
1.95685
1.6805
-0.227121
-0.227121
1.54487
0.546343
0.546343
0.546343
0.546343
0.546343
0.910428
0.910428
0.910428
0.910428
14.7637
14.7637
-0.280642
0.0222479
30.4779
30.4779
-0.205804
8.58735
-0.303444
3.62604
3.62604
4.20627
2.50291
2.50291
9.58589
9.58589
6.03122
6.03122
6.84091
6.84091
6.84091
2.38481
6.72098
6.72098
6.72098
6.72098
15.4424
15.4424
15.4424
15.4424
29.6468
29.6468
29.6468
5.51379
4.20916
4.20916
8.31149
0.455281
7.52707
7.52707
-0.225198
0.420314
2.8033
2.8033
2.8033
1.57403
0.664197
0.664197
0.664197
-0.00375551
10.6977
2.15736
2.15736
-0.205177
2.74692
2.74692
2.74692
2.74692
15.7367
15.7367
-0.239718
-0.239718
-0.102577
1.31416
1.31416
1.02756
1.02756
1.02756
1.02756
44.8452
44.8452
44.8452
44.8452
4.21621
4.21621
1.26442
11.926
0.0539975
0.0539975
6.5896
6.5896
6.5896
6.5896
6.5896
7.61095
7.61095
7.61095
7.61095
0.547491
0.547491
47.6937
47.6937
0.299863
0.299863
1.58321
13.4017
0.0695353
0.0695353
0.0695353
0.0695353
0.0695353
8.41578
8.41578
8.41578
8.41578
7.10203
7.07871
7.07871
2.75548
2.75548
2.75548
9.89779
9.89779
9.89779
9.89779
4.85634
4.85634
4.85634
2.03324
2.03324
2.03324
0.809134
0.809134
-0.314381
-0.25339
3.16361
3.16361
3.16361
3.88379
0.597958
7.35168
7.35168
7.35168
-0.0392211
-0.0392211
3.97348
3.97348
3.97348
3.97348
3.97348
6.48743
-0.265273
-0.265273
3.37234
3.37234
-0.240111
-0.240111
-0.0105139
3.5887
3.5887
3.5887
3.5887
3.5887
5.03948
5.03948
5.03948
5.03948
27.8087
2.20557
2.20557
2.20557
1.3432
-0.122582
-0.122582
0.485406
0.485406
0.485406
-0.00245858
-0.429903
23.9968
0.11203
0.11203
0.11203
2.51748
2.51748
13.0355
13.0355
5.36704
5.36704
0.414668
0.414668
-0.212915
0.520864
-0.183149
-0.183149
-0.183149
0.944724
12.3476
9.25454
6.2925
1.70358
1.70358
1.70358
1.70358
1.70358
1.70358
-0.0580419
-0.0580419
-0.0580419
0.183746
16.2279
16.2279
16.2279
12.0968
17.7344
3.80073
3.80073
3.80073
-0.383433
-0.383433
-0.383433
-0.383433
-0.274151
-0.274151
-0.274151
-0.274151
13.4223
10.0207
7.03771
7.03771
2.03846
2.03846
2.03846
2.03846
2.03846
2.03846
0.0713625
0.0713625
1.27329
10.4892
10.4892
26.8159
8.42435
8.42435
8.42435
8.42435
8.42435
8.42435
-0.327104
2.12661
2.12661
-0.0741484
-0.0741484
0.0708759
-0.267801
-0.101451
-0.101451
0.805275
0.805275
6.93923
6.93923
6.93923
6.93923
6.93923
6.93923
0.158777
0.158777
23.2263
23.2263
23.2263
29.4739
1.95996
1.95996
10.3863
6.56642
6.56642
6.56642
6.56642
6.56642
3.84732
3.84732
16.7297
16.7297
16.7297
16.7297
24.4873
24.4873
24.4873
24.4873
24.4873
24.4873
24.4873
24.4873
24.4873
13.1598
3.82437
3.91231
0.18901
-0.171861
-0.171861
1.71597
1.11557
1.11557
1.11557
3.69314
3.69314
3.69314
3.69314
3.69314
3.69314
3.69314
-0.256614
-0.256614
-0.256614
2.8201
16.9283
-0.245035
-0.245035
4.22219
0.0141845
2.77582
2.77582
0.280531
0.280531
5.64397
0.226286
0.226286
0.103964
0.103964
-0.282358
-0.282358
13.7453
1.13637
0.889842
0.889842
1.282
-0.302675
-0.302675
-0.254954
-0.254954
-0.254954
-0.254954
-0.254954
-0.20589
3.42848
22.917
1.89981
1.89981
-0.0254215
-0.0254215
-0.0254215
-0.215769
-0.215769
4.09576
4.09576
0.889511
0.889511
1.9324
-0.290973
-0.290973
-0.290973
-0.290973
12.121
12.121
12.121
12.121
0.23309
0.23309
8.16947
1.47266
7.85969
7.85969
13.082
1.90385
5.09259
5.09259
14.4682
0.0191021
2.39421
6.27425
8.47849
8.47849
8.47849
8.47849
8.47849
0.563022
0.265099
0.265099
-0.238755
-0.238755
-0.238755
-0.194988
-0.259261
-0.259261
-0.259261
4.93093
-0.0271909
-0.0271909
-0.0271909
2.41816
-0.233642
-0.241685
-0.241685
-0.241685
6.97751
17.2306
-0.213174
-0.213174
-0.213174
19.9419
-0.217071
1.60717
1.29087
1.49467
1.49467
1.49467
1.49467
1.49467
9.20634
11.4074
11.4074
4.10437
4.10437
0.0428471
1.19224
1.19224
1.19224
1.02829
0.437829
0.700845
0.700845
0.197662
0.197662
0.197662
-0.246995
-0.246995
8.78369
21.768
21.768
21.768
0.59703
0.59703
0.59703
0.219681
0.196642
0.196642
0.196642
0.196642
0.196642
-0.216629
-0.216629
0.997416
9.9196
9.9196
9.9196
8.32754
4.90792
2.57792
2.57792
2.57792
22.5418
22.5418
76.9556
2.45189
1.84189
1.84189
1.84189
1.84189
0.186976
-0.174293
-0.224163
-0.224163
1.35657
0.63279
0.63279
0.63279
11.9774
11.9774
11.9774
10.2341
0.92106
0.514581
10.243
9.33974
9.33974
9.33974
9.33974
9.33974
4.47115
4.47115
4.47115
4.47115
3.33012
3.33012
0.692478
-0.240285
-0.240285
1.45865
32.5515
0.719217
0.719217
0.719217
3.9644
3.9644
3.9644
3.9644
-0.201493
-0.201493
5.23911
5.23911
5.23911
1.17588
1.17588
1.17588
5.36804
7.45598
7.45598
1.73802
0.661424
1.55585
-0.228462
3.36902
3.36902
3.36902
18.5529
16.2717
16.6672
7.97616
4.92759
2.6102
3.71168
3.71168
0.0455598
0.960415
1.38885
0.865937
0.150226
-0.100562
1.04122
1.4624
1.4624
1.4624
1.4624
1.4624
1.4624
8.27998
3.71339
3.29283
16.9874
16.9874
-0.207011
0.885824
0.0641428
0.0641428
-0.0175855
0.358382
0.358382
0.676525
0.676525
0.676525
0.676525
0.676525
0.676525
0.676525
0.676525
0.676525
0.676525
20.4105
20.4105
20.4105
-0.177887
0.88153
0.88153
0.88153
0.596283
0.596283
0.596283
0.437676
3.87948
1.10564
21.268
21.268
31.108
31.108
31.108
-0.225987
-0.225987
-0.225987
-0.225987
2.37718
2.37718
2.37718
2.37718
2.37718
2.37718
2.89053
2.37495
2.37495
9.96417
0.181287
12.8232
-0.336238
-0.336238
-0.336238
0.223123
5.80215
5.80215
1.69079
3.77723
3.77723
-0.403019
8.89078
8.89078
8.89078
8.89078
8.26194
8.26194
8.26194
1.40402
1.40402
1.40402
-0.160913
12.4855
8.90278
8.90278
8.90278
8.90278
9.14381
-0.073937
-0.073937
-0.401666
-0.401666
-0.401666
13.9249
13.9249
11.846
11.846
11.846
11.846
11.846
-0.421855
0.0428985
-0.326138
-0.114985
-0.0904957
-0.0904957
0.670713
4.42583
30.8507
30.8507
-0.0606122
-0.0606122
-0.0606122
-0.0606122
-0.0606122
1.33781
1.33781
1.33781
0.00891355
1.63441
3.36673
-0.259839
-0.259839
-0.259839
2.87394
2.87394
2.87394
2.87394
2.87394
2.87394
-0.273523
-0.361537
34.3458
34.3458
16.7542
16.7542
16.7542
0.745758
0.745758
-0.283122
-0.283122
-0.245974
1.83441
0.643812
0.643812
0.643812
3.29848
3.29848
0.711495
0.711495
0.711495
-0.280085
6.24541
0.522735
5.04532
5.04532
1.41142
1.41142
0.893961
0.102383
-0.0521072
-0.0521072
-0.0526756
8.01262
8.01262
-0.228142
8.7764
8.7764
8.7764
1.6029
1.6029
1.6029
16.0419
16.0419
1.2272
7.71546
7.71546
7.71546
7.71546
7.71546
-0.2269
24.0447
24.0447
-0.300356
1.38363
5.43052
5.43052
5.43052
5.43052
1.34464
1.8741
1.76826
0.371185
0.371185
15.8908
15.8908
14.8132
15.5808
15.5808
17.391
4.78273
4.78273
-0.130901
-0.130901
1.60062
6.6092
6.6092
7.38044
-0.195343
3.07188
-0.110883
1.34151
12.0809
6.08206
6.56515
6.56515
6.56515
2.39444
2.39444
2.39444
2.39444
2.39444
2.39444
2.39444
2.39444
2.39444
2.39444
2.39444
3.95269
3.95269
3.95269
17.2178
17.2178
17.2178
15.0084
7.28477
7.28477
7.28477
7.28477
0.972115
0.972115
3.31324
17.8365
-0.270571
-0.317526
0.899988
14.916
13.4047
13.4047
13.4047
13.4047
13.4047
13.4047
13.4047
13.4047
13.4047
13.4047
13.4047
7.59451
7.59451
7.09193
7.09193
-0.267372
-0.267372
-0.267372
-0.267372
-0.267372
0.183707
-0.309949
4.1374
4.1374
0.478157
3.47273
3.47273
3.47273
3.47273
2.24151
-0.215423
7.13352
0.621313
0.621313
0.249596
0.616815
0.798289
0.798289
17.9764
17.9764
17.9764
17.9764
17.9764
17.9764
17.9764
-0.319301
-0.319301
0.682633
5.27483
5.27483
5.27483
5.27483
5.27483
7.79193
1.35612
1.27608
-0.318562
-0.318562
-0.228697
-0.228697
1.54259
1.54259
1.54259
10.9347
10.9347
1.01901
0.279096
0.279096
7.91962
9.51127
-0.131034
-0.131034
1.42324
1.42324
0.417571
0.417571
2.45411
2.45411
2.45411
1.85341
2.25113
2.25113
2.25113
4.73656
4.73656
17.5175
17.5175
17.5175
16.3399
7.63301
-0.226501
-0.389687
-0.389687
1.75521
1.75521
23.4492
23.4492
18.2353
0.538188
0.560267
0.560267
10.2479
2.07626
2.07626
2.07626
12.5882
0.340861
-0.223245
-0.275315
-0.275315
-0.275315
-0.0971754
7.21741
7.21741
0.849164
-0.178194
8.8936
8.8936
1.75603
0.553982
0.553982
0.553982
0.553982
0.553982
0.553982
0.553982
0.553982
0.553982
-0.419466
-0.00224505
-0.133477
2.02576
6.48034
6.48034
-0.121231
2.11952
2.11952
1.164
1.164
1.15128
2.69444
5.06714
5.06714
18.822
18.822
18.822
18.822
-0.0941159
-0.0941159
-0.0941159
-0.0815033
-0.270282
-0.270282
0.108955
0.108955
0.108955
0.108955
0.108955
0.108955
0.108955
0.108955
1.05824
0.715316
5.23434
5.23434
5.81559
5.81559
2.01246
2.01246
9.42324
0.176745
0.176745
1.09741
0.0304777
0.858332
0.858332
-0.340843
-0.340843
-0.340843
-0.340843
-0.340843
-0.340843
-0.349857
0.289863
1.21683
1.21683
1.21683
1.21683
1.21683
1.21683
-0.27943
-0.124125
-0.124125
-0.124125
-0.124125
6.25608
6.25608
6.25608
6.25608
6.25608
-0.100758
-0.100758
0.905903
0.0116516
0.0116516
0.0116516
-0.420042
-0.420042
-0.420042
-0.182383
-0.0584137
1.96002
1.96002
1.96002
3.30262
-0.203762
-0.203762
1.38223
1.38223
1.38223
5.78239
5.78239
9.16608
9.16608
9.16608
9.16608
-0.355779
-0.355779
0.767851
0.00347801
0.00347801
0.00347801
2.20679
2.20679
2.20679
2.20679
2.20679
2.20679
2.20679
2.20679
2.20679
2.20679
-0.208382
-0.208382
0.753935
4.42328
0.123565
-0.446578
1.8096
4.57748
4.57748
4.57748
4.57748
4.57748
15.5415
0.43441
0.43441
5.39691
0.506925
0.506925
5.19896
5.19896
5.19896
5.19896
1.74704
1.74704
1.74704
-0.217656
-0.253733
-0.253733
1.68992
1.68992
-0.124015
13.089
10.4844
17.6989
4.40795
2.36462
2.36462
2.36462
1.25336
0.208079
0.208079
0.208079
1.52247
1.52247
1.52247
1.52247
6.01998
4.44087
4.44087
4.44087
32.625
32.625
32.625
7.10677
0.708342
7.85029
4.29739
20.3119
25.662
14.3988
14.3988
14.3988
-0.14533
-0.14533
10.7029
1.02338
1.98263
1.98263
7.24205
21.6871
20.9873
20.9873
20.9873
17.7328
14.1126
14.1126
17.3615
17.3615
15.4521
15.4521
15.4521
9.50095
9.50095
-0.245856
-0.245856
33.9043
33.9043
33.9043
33.9043
33.9043
33.9043
33.9043
1.12291
1.12291
1.12291
1.12291
1.12291
1.09007
4.16594
4.16594
4.16594
1.89574
5.03461
5.46713
8.30801
15.9683
15.9683
15.9683
15.9683
7.33906
-0.118561
-0.118561
-0.118561
-0.118561
-0.118561
-0.118561
-0.118561
0.531653
-0.105598
-0.105598
-0.105598
-0.105598
-0.105598
-0.105598
-0.105598
-0.105598
-0.105598
32.431
-0.212733
-0.212733
3.40122
3.40122
0.0741143
0.0741143
0.0741143
0.0741143
5.49118
5.49118
0.282582
0.0153275
0.420958
0.420958
0.420958
4.71463
1.86398
1.86398
1.86398
13.5983
3.72374
3.72374
3.72374
-0.193619
1.61548
1.67775
1.67775
0.690165
0.690165
0.690165
12.3865
12.3865
12.3865
1.10153
1.10153
1.96224
1.96224
1.96224
22.0898
2.32506
2.32506
-0.0474557
5.67737
5.67737
1.73245
1.73245
1.73245
1.73245
5.80439
5.80439
0.195101
0.461075
0.00226375
0.566373
0.566373
0.566373
6.31748
0.712024
6.26692
6.26692
6.26692
6.26692
-0.434474
0.263726
0.263726
0.206527
0.206527
15.0847
15.0847
15.0847
14.1254
14.1254
14.1254
-0.206302
-0.206302
0.380509
0.380509
5.11467
5.11467
5.11467
5.11467
5.11467
5.11467
5.11467
2.11406
2.11406
2.11406
2.11406
2.11406
13.5872
13.5872
13.5872
13.5872
13.5872
13.5872
13.5872
17.2126
0.94042
0.94042
0.624943
-0.0909922
0.0240554
7.48547
7.48547
0.125289
3.22129
4.75114
4.75114
4.75114
4.75114
3.54022
3.54022
4.4198
4.4198
4.4198
4.4198
0.660021
0.660021
-0.0813697
-0.0813697
-0.0813697
-0.0813697
0.714519
0.714519
0.714519
2.29375
2.29375
2.29375
2.29375
9.96738
9.96738
-0.240353
2.07095
2.07095
2.07095
1.53648
1.53648
1.53648
4.20131
11.463
0.437556
5.80669
5.88563
5.88563
5.88563
5.88563
5.88563
3.53074
3.53074
3.53074
1.40399
1.40399
1.40399
0.647852
0.647852
2.24314
5.05729
5.05729
5.05729
-0.400826
-0.232127
-0.0885056
6.11397
4.37039
0.031418
0.031418
0.439118
0.439118
0.439118
-0.304812
0.487015
-0.135058
-0.135058
-0.135058
0.988389
4.41735
4.41735
4.41735
4.41735
0.785881
5.56204
5.56204
1.07483
1.07483
-0.00169475
-0.237029
-0.237029
-0.425489
-0.425489
-0.425489
-0.425489
0.73359
0.73359
0.73359
-0.230422
3.29618
0.718163
-0.231877
19.9637
19.9637
18.5783
-0.0175097
-0.0175097
-0.0175097
-0.0175097
0.59532
1.25535
1.00659
-0.268697
-0.268697
-0.268697
6.69901
6.69901
6.69901
6.71993
5.80322
5.80322
5.80322
5.80322
3.64836
3.64836
3.64836
1.21896
1.50968
-0.278195
9.67843
9.67843
9.67843
18.2398
-0.111756
0.254815
-0.148745
-0.148745
-0.180995
0.40532
0.40532
0.40532
0.40532
-0.277344
-0.277344
1.5156
0.0759073
0.0759073
2.62154
2.62154
8.8877
7.29357
7.29357
7.29357
5.83602
5.83602
5.83602
2.01568
2.47842
2.47842
2.43097
8.69132
8.69132
8.69132
22.7383
22.7383
11.1807
11.1807
10.5449
10.5449
9.43681
9.43681
0.115329
0.115329
0.115329
1.50806
0.0972873
0.0972873
5.30265
5.70356
25.6417
15.0526
15.0526
2.63467
-0.109188
0.600034
0.600034
-0.267468
15.4892
1.41216
1.41216
1.41216
3.59322
2.27857
2.27857
0.438448
-0.0984103
-0.0984103
-0.0984103
-0.0984103
-0.212428
-0.212428
-0.212428
-0.212428
-0.212428
-0.212428
-0.212428
-0.212428
-0.167258
-0.167258
-0.0779173
-0.0779173
2.48269
2.48269
-0.36437
0.131691
2.11819
-0.23716
-0.23716
16.0373
16.0373
16.0373
16.0373
-0.267847
-0.267847
3.94821
5.02345
4.60061
5.59138
0.279659
11.8266
11.8266
6.31154
4.18604
14.3089
14.3089
14.3089
14.3089
14.3089
14.3089
20.3849
20.3849
20.3849
-0.265672
1.0693
3.05583
3.05583
3.05583
3.05583
3.05583
3.05583
3.05583
0.581507
0.581507
0.581507
0.581507
-0.0734759
-0.0734759
-0.0734759
-0.0734759
-0.0734759
1.81033
1.81033
1.81033
2.66126
0.557506
0.557506
0.557506
0.557506
0.396062
-0.161304
-0.161304
-0.161304
-0.161304
-0.161304
8.43114
8.43114
8.43114
16.8373
16.8373
35.5509
4.2027
0.105897
1.88573
1.88573
0.131115
0.131115
0.131115
0.758172
1.15277
-0.284
-0.284
-0.284
9.75058
5.35653
1.40356
0.642997
0.642997
0.642997
0.654134
0.654134
7.2359
7.2359
7.2359
11.3584
11.3584
6.56767
6.56767
6.56767
2.17965
2.17965
-0.404697
5.14892
0.424839
0.424839
2.98424
-0.259865
-0.259865
-0.251342
-0.251342
1.73506
-0.274482
-0.274482
-0.274482
2.09832
-0.331312
-0.331312
0.260411
9.82266
-0.068367
-0.24895
-0.24895
-0.24895
-0.24895
0.465682
0.465682
0.465682
0.465682
-0.181324
2.40199
2.40199
-0.232654
-0.374488
-0.374488
-0.374488
-0.374488
-0.374488
1.81862
1.33685
1.33685
1.87535
1.87535
1.87535
-0.0222997
3.32584
3.32584
-0.0208163
-0.0208163
-0.0208163
-0.0208163
1.47469
1.47469
-0.172073
-0.25072
-0.25072
-0.25072
10.4808
3.98733
3.98733
3.98733
3.98733
11.7085
11.7085
11.7085
11.7085
1.66032
1.66032
0.0397916
0.0397916
5.96366
5.96366
6.54754
6.54754
6.54754
6.54754
1.93566
1.93566
7.9123
7.18553
-0.33011
-0.33011
-0.33011
-0.33011
-0.259218
4.56568
4.56568
4.56568
4.56568
4.56568
8.35983
0.635502
0.635502
8.48065
0.779057
-0.227095
-0.227095
-0.227095
0.319012
12.8162
11.209
11.209
-0.220086
-0.220086
-0.220086
1.29157
2.53386
2.53386
2.53386
2.53386
0.352285
0.352285
0.352285
1.59275
-0.270462
-0.270462
-0.270462
1.49617
1.49617
4.61073
4.61073
3.81865
3.81865
-0.42321
-0.42321
12.7329
13.6722
13.6722
13.211
13.211
13.211
1.85916
3.81823
3.81823
0.394123
0.394123
1.18527
1.18527
1.18527
0.00955519
0.00955519
0.00955519
2.99485
2.99485
8.56324
2.52914
-0.33566
1.99255
1.99255
1.99255
6.66032
3.26946
3.26946
3.26946
3.26946
3.26946
3.26946
7.66924
7.66924
7.66924
0.907246
0.907246
0.391564
13.5549
7.99771
7.99771
7.99771
7.99771
7.99771
7.99771
7.99771
7.67356
7.67356
-0.0443612
0.668589
8.27405
1.073
1.073
1.073
1.39607
1.39607
1.39607
1.39607
1.39607
1.39607
1.64444
1.64444
1.64444
12.7546
12.7546
12.7546
12.7546
12.7546
3.22504
1.67204
1.67204
-0.245659
-0.245659
-0.00805159
0.519485
0.0220429
5.39617
5.39617
5.39617
0.807166
0.962226
0.962226
15.698
15.698
15.698
15.698
15.698
4.22529
2.62831
2.62831
2.62831
2.62831
2.62831
2.62831
2.62831
2.62831
8.14493
8.14493
8.14493
8.14493
6.52837
1.12496
1.12496
1.01455
6.54615
1.13761
1.18061
1.99789
1.99789
19.767
10.2893
5.30693
19.7715
9.56836
9.56836
2.29644
2.29644
2.29644
2.29644
4.45804
4.45804
-0.0683643
0.00551208
0.00551208
0.00551208
0.00551208
0.0602999
0.0602999
0.0602999
0.0602999
0.0602999
1.32531
10.7852
-0.105991
0.974203
13.566
0.231729
0.231729
0.231729
0.53141
3.175
2.36659
1.36349
1.33586
1.33586
1.84952
1.84952
1.65278
-0.265505
0.244328
0.785626
2.09007
2.09007
2.09007
2.09007
-0.214706
4.26545
-0.228501
-0.0759317
-0.0759317
-0.00786769
-0.00786769
2.3625
14.5362
-0.183433
-0.183433
-0.218816
-0.218816
-0.218816
-0.218816
-0.268163
0.827486
28.9703
0.234226
0.234226
0.234226
-0.352373
-0.352373
-0.352373
-0.352373
4.91669
2.88073
0.627205
-0.382007
-0.382007
-0.229144
-0.229144
-0.229144
-0.229144
-0.229144
0.917324
0.917324
0.909079
0.809409
-0.164052
1.78079
1.78079
0.19126
11.2924
11.2924
9.6433
9.6433
0.209634
-0.200276
5.27405
5.27405
9.27139
0.514568
4.73547
4.73547
4.73547
4.73547
4.73547
4.73547
4.73547
4.73547
3.67087
1.97378
1.97378
1.97378
11.5632
11.5632
11.5632
nan
24.5544
24.5544
0.250368
1.08207
0.213608
0.213608
1.97291
1.97291
19.6977
19.6977
19.6977
19.6977
19.6977
14.1523
0.276091
0.276091
3.91979
9.61645
4.16232
4.16232
4.16232
4.04043
4.04043
-0.194782
-0.194782
1.89636
1.89636
1.89636
1.89636
1.89636
-0.179609
3.19158
6.7384
6.7384
1.26409
1.26409
-0.238906
-0.238906
-0.238906
-0.238906
-0.130889
3.95971
3.95971
0.422694
0.422694
0.422694
0.257452
0.257452
-0.328792
4.20919
4.20919
4.20919
1.40687
1.40687
-0.360648
19.9076
19.9076
8.99972
11.153
11.153
-0.192711
8.78803
8.78803
5.38283
3.49825
3.49825
0.213558
0.213558
0.213558
-0.0642363
-0.0642363
1.19915
8.63177
8.63177
7.41669
3.22674
13.5279
13.5279
13.5279
19.0448
19.0448
11.8176
11.8176
11.8176
4.40479
0.859296
0.859296
0.859296
0.782974
0.0721631
-0.0627196
10.4895
0.197714
0.197714
3.62644
3.62644
6.10458
0.750821
0.750821
0.750821
-0.209218
-0.209218
0.170946
7.35704
7.35704
0.334984
0.334984
0.334984
0.334984
1.17219
1.26434
1.26434
1.26434
1.26434
1.26434
0.0138603
0.0138603
7.99762
7.99762
7.99762
5.32486
5.32486
5.32486
5.32486
5.32486
5.32486
9.77835
9.77835
7.51395
7.51395
0.571415
0.571415
0.571415
0.571415
0.0401915
0.0401915
0.0401915
0.0401915
6.61365
-0.352209
-0.352209
-0.0384559
-0.0384559
-0.0384559
-0.0384559
-0.0384559
24.2144
1.89992
0.261335
0.261335
0.261335
0.261335
-0.248671
-0.248671
22.0142
22.0142
22.0142
22.0142
9.42637
9.42637
9.42637
