1
-0.509403
-1.18474
-1.18474
0.437195
0.437195
0.437195
-1.4936
-0.474983
-0.502078
-0.525039
-0.637853
-0.637853
1.08961
-0.813255
-0.205437
-0.205437
0.10364
0.10364
0.10364
1.86314
0.398357
-1.15454
-2.06353
-2.93476
-2.93476
-2.74067
-1.13162
0.195187
0.195187
-1.54795
0.397893
-1.48732
-1.18323
-1.18323
-1.18323
-2.02155
-2.02155
-2.02155
-1.83035
-1.33584
-1.9693
-1.51806
-0.164052
-1.85278
-0.680549
0.591662
0.591662
-0.330156
0.966964
0.966964
-0.981196
-0.981196
-0.981196
-0.0948594
0.938377
2.48833
2.48833
2.48833
3.4583
3.4583
3.4583
3.4583
3.4583
3.4583
3.4583
3.4583
3.61311
3.11533
1.84652
1.84652
1.15196
1.02946
-0.75895
-0.75895
-0.75895
-0.75895
-2.24224
-2.24224
-2.02128
-2.02128
-2.02128
-2.39461
-0.633012
0.551056
-0.181857
-1.07605
-1.07605
-1.07605
-1.07605
-0.914516
-0.885765
-2.45097
-2.45097
-3.03588
-1.28747
-0.64755
-0.244663
-1.75259
-0.56091
-1.20492
-1.20492
-0.530863
0.602894
0.156093
1.65633
1.65633
1.65633
1.65633
1.65633
2.32078
0.491812
1.06086
1.06086
1.43585
1.43585
1.43585
1.7744
1.7744
1.7744
1.7744
0.893965
0.893965
0.226691
0.226691
0.226691
0.226691
0.226691
2.03103
0.445514
0.445514
0.485942
2.15593
1.53343
1.53343
1.53343
1.53343
2.88866
2.2995
2.2995
2.2995
2.2995
2.2995
1.37679
-0.297533
-0.297533
-0.297533
-0.846026
-0.846026
-0.293967
0.805065
-0.494415
-1.72359
-1.18135
-1.95528
-1.89999
-1.89999
-1.89999
-0.233111
0.520735
-0.409884
0.111046
1.4377
1.5515
1.77419
0.430159
0.598882
-0.454914
-0.954585
-1.98165
-1.80276
-1.80276
-0.272827
0.858305
-0.185024
0.235349
1.3928
1.71201
0.869787
-0.663145
0.969674
0.969674
0.969674
0.969674
2.1196
0.37738
0.37738
-0.685558
-0.453691
-0.453691
-0.705616
-0.705616
-0.705616
-0.705616
-2.68289
-2.68289
-2.68289
-2.3885
-1.51735
-0.494448
0.370022
0.370022
1.05096
1.75389
1.69846
3.38007
2.7516
3.19417
2.32871
2.32871
2.32871
2.32871
0.338191
0.393156
0.393156
0.393156
0.393156
0.393156
1.2746
1.59538
1.59538
2.19141
2.46306
2.46306
2.46306
2.46306
0.523458
-0.809396
-0.809396
0.334524
-1.38145
-0.648748
-2.02162
-2.02162
-1.80221
-0.552754
0.788522
0.788522
0.657569
0.242636
-1.5656
-1.5656
-2.73708
-1.47298
-0.621518
0.150186
1.90327
1.90327
1.90327
1.90327
1.22107
1.22107
2.22824
2.22824
2.22824
2.22824
0.486325
0.0987028
0.0987028
0.0987028
0.0987028
-1.58709
-0.300745
-0.300745
-0.300745
-0.300745
1.23292
-0.448637
-0.556187
-1.51135
-1.51135
-0.992388
0.588617
0.588617
-0.399531
0.317327
0.317327
0.317327
1.07044
1.07044
1.07044
0.38886
0.38886
0.38886
1.20959
2.36833
2.57425
0.696866
0.696866
1.24552
0.271981
-1.02451
-1.02451
-1.02451
-1.02451
0.3657
0.818566
-0.915943
-1.42736
-1.42736
-1.42736
-1.42736
-0.235005
-1.46499
-1.46499
-1.35581
-0.219947
-1.79257
-1.79257
-1.79257
-1.79257
-1.79257
-1.79257
-1.57493
-1.57493
-1.27358
-1.17546
-1.17546
-1.17546
-1.17546
-1.17546
0.502087
0.502087
0.502087
0.502087
1.65728
1.79002
1.36497
1.36497
0.915539
0.915539
1.86623
1.86623
1.86623
1.86623
1.80339
1.80339
1.80339
0.375961
-1.51127
-2.27025
-2.27025
-2.27025
-2.27025
-2.27025
-1.03404
-1.03404
0.600936
-0.490121
1.07291
-0.599787
-0.599787
-0.599787
-0.599787
-0.599787
-0.599787
0.676196
-1.32237
-1.50693
-0.156201
-1.70474
-1.25464
-1.25464
-1.85147
-1.85147
-1.85147
-0.399452
-0.894695
-0.894695
0.809601
0.730581
0.730581
0.730581
0.730581
0.730581
-0.363172
-0.692248
0.866862
1.3327
1.3327
1.3327
1.3327
1.96322
1.96322
1.96322
1.96322
0.412234
-1.37875
-0.945495
-0.219425
0.133758
0.133758
2.10249
2.10249
1.17114
1.17114
1.17114
1.17114
1.17114
1.17114
1.17114
1.17114
1.17114
1.17114
1.91553
1.91553
1.50926
1.13514
1.64781
1.87318
1.87318
2.21046
1.20089
1.20089
0.739512
0.739512
0.739512
0.871861
0.438079
0.438079
0.871928
1.88657
1.88657
0.20998
0.20998
0.20998
0.20998
-0.756251
-0.756251
-1.90449
-1.33231
-1.33231
-1.33231
0.43646
1.34315
1.34315
2.26308
0.924075
0.13819
1.28856
1.94236
1.4354
1.4354
1.49028
0.95782
0.95782
1.17187
0.863481
0.550508
1.39027
1.39027
1.64753
1.45496
1.88576
1.88576
1.88576
1.88576
0.66716
0.66716
0.66716
0.66716
0.861904
0.665189
1.08289
1.08289
0.115216
0.135886
1.60406
1.55806
2.06777
1.00781
0.660589
-1.06514
-1.06514
-0.271086
-0.450916
-0.450916
-0.450916
-1.49895
-0.300963
0.991824
1.17202
1.42346
1.42346
0.776602
-0.250684
0.802382
1.83919
2.83446
2.83446
1.76243
1.78545
0.768534
0.768534
-0.691732
0.126525
1.34711
2.26789
1.75439
0.160071
1.65072
1.06089
1.82006
1.82006
1.82006
1.82006
1.82006
0.254944
1.53441
1.6478
2.00505
2.00505
2.00505
1.97185
1.97185
1.97185
1.97185
2.44507
2.44507
2.44507
2.44507
2.44507
2.44507
2.49653
1.51272
1.51272
0.817611
1.13156
1.13156
1.13156
-0.22614
-1.34708
-1.34708
-1.34708
-2.89682
-2.89682
-2.89682
-2.89682
-3.0322
-3.0322
-2.00588
-0.995088
-0.995088
-1.06822
-1.79826
-1.79826
-1.79826
-0.985434
0.944642
-0.211656
-0.146547
0.834485
1.63495
0.29574
-1.18318
-1.18318
-1.11597
0.433038
0.433038
-0.557896
-0.557896
-0.557896
-0.557896
-0.155112
-0.339927
0.573861
-1.3613
-1.3613
-1.71494
-1.71494
-1.71494
-1.71494
-0.537857
-1.9025
-1.9025
-1.9025
-1.01892
-1.82174
-2.45089
-0.534843
-0.534843
0.626915
0.626915
0.911838
-0.725389
-0.558249
-0.558249
1.10922
-0.526773
-0.526773
-0.775298
-2.57116
-0.887439
-0.887439
-0.221181
-0.32001
0.857335
0.857335
0.857335
-0.880242
-0.880242
0.512685
0.512685
-0.991068
-0.70727
-1.73997
-1.73997
-1.73997
-1.73997
-1.73997
-2.50479
-2.50479
-2.50479
-2.90221
-3.19426
-3.19426
-3.19426
-3.19426
-2.61069
-2.61069
-2.61069
-1.49939
-0.23646
-0.23646
-1.27264
-1.27264
-1.27264
-1.20909
-0.949583
-0.949583
0.29384
-0.521493
-1.2282
-1.2282
-0.767749
-2.53668
-2.53668
-2.53668
-2.53668
-2.53668
-0.821329
-0.821329
-0.821329
-0.902222
-0.902222
-0.688108
-1.6934
-1.6934
-1.6934
-1.74605
-1.74605
0.235945
1.4955
1.01475
1.08191
0.326513
-1.26805
-1.26805
-1.26805
0.525236
0.723685
0.723685
0.723685
1.56969
1.56969
1.56969
1.56969
1.56969
0.413524
-0.286271
-0.177057
-1.12079
-1.12079
-1.12079
-1.12079
-1.29697
-1.23808
-1.23808
-1.94281
-1.15945
-1.15945
-1.15945
-1.15945
-1.15945
-2.37792
-1.79135
-1.79135
-2.09018
-2.09018
-2.09018
-0.734165
-0.734165
-0.734165
0.935301
0.935301
-0.708616
-1.92487
-1.92487
-1.92487
-1.30946
-1.30946
-0.229206
-0.229206
0.920442
0.383901
0.383901
1.87212
1.91839
1.65561
1.71755
0.905036
-0.419689
-0.419689
-0.419689
0.836705
0.836705
-0.901872
-0.901872
-0.901872
-0.901872
-0.406868
-0.406868
0.286095
0.286095
0.286095
1.54575
1.68983
1.68983
1.68983
0.678382
-0.718371
-0.718371
-0.718371
-0.495366
-1.11648
-1.11648
-0.434532
-0.434532
-0.434532
-1.54896
-1.54896
-2.00228
-1.33488
-1.33488
0.652405
0.652405
-1.11097
-1.11097
-1.11097
0.554661
-1.43858
-1.43858
-1.43858
-1.43858
-1.16054
-2.4769
-2.4769
-2.4769
-2.25129
-2.5289
-2.5289
-2.5289
-1.17073
-1.17073
-1.17073
0.648087
-1.12755
-1.12755
-1.20196
-0.563385
0.858673
1.02322
1.02322
2.17878
2.17878
2.17878
2.17878
2.95558
2.95558
2.83909
2.83909
2.83909
2.83909
2.83909
1.86106
1.26859
-0.154714
0.805832
0.805832
0.805832
1.05956
-0.305298
-1.04644
-1.04644
-1.40469
-1.40469
-1.40469
0.474274
0.474274
2.10854
1.56318
0.76308
0.479364
0.479364
0.479364
1.93805
1.93805
1.93805
1.16938
0.505494
0.666504
0.231853
-1.49733
-1.49733
-1.49733
-0.404827
0.906758
0.20011
1.63921
1.63921
0.133133
1.11227
1.11227
-0.675462
-2.30224
-2.30224
-0.748409
-0.174404
0.2611
-0.401579
1.49252
1.49252
1.49252
0.938239
-0.496656
-0.496656
0.261422
1.53001
2.24592
2.24592
2.49062
1.22917
1.22917
1.54241
1.87668
1.87668
0.385945
-1.10502
-0.913837
0.443759
-0.353382
-1.26059
-1.26059
0.251281
0.213757
0.213757
0.89773
-0.41577
-0.41577
0.739705
0.739705
0.739705
0.401451
1.01692
1.01692
1.01692
1.01692
1.01692
1.01692
1.33845
1.33845
-0.51778
-0.51778
-1.35896
-1.35896
-1.35896
-1.00296
-0.770154
-0.770154
-2.10043
-1.14675
0.564369
0.391484
1.0532
1.20524
1.20524
0.83449
0.83449
0.83449
0.888054
0.888054
0.888054
0.888054
0.888054
0.985605
2.79836
2.79836
1.02334
1.7938
1.7938
1.7938
1.7938
2.22048
2.22048
2.39182
2.39182
2.39182
2.39182
2.39182
2.39182
2.39182
2.39182
2.39182
1.66923
-0.272985
-0.729395
-0.729395
-0.729395
-0.729395
0.783415
1.65573
1.65573
1.65573
1.65573
1.65573
1.65573
1.65573
2.54028
0.986572
-0.932047
-0.826567
-2.61184
-2.61184
-2.89673
-2.89673
-1.96807
-1.93416
-1.93416
-1.93416
-1.06754
0.428928
-0.470028
-1.55026
-1.55026
-1.55026
-1.55026
-0.92613
-2.68566
-0.981009
0.867473
0.867473
0.867473
0.144707
1.30637
1.30637
2.0314
0.91088
0.91088
-0.718392
0.978121
0.978121
0.978121
0.32324
-1.39876
-1.39876
-1.39876
-2.11315
-1.58616
-1.58616
-1.58616
-0.268439
-0.268439
-1.23217
-3.04591
-3.04591
-3.04591
-2.23435
-1.1612
-1.69471
-0.580312
-0.827112
-0.827112
-0.827112
-0.432623
1.13975
0.86249
-0.456927
0.526408
2.03288
0.306548
0.306548
0.821045
0.821045
0.821045
1.04527
1.04527
1.04527
1.04527
1.04527
1.04527
-0.620448
-0.620448
-0.278776
-0.278776
1.02588
-0.531425
-0.531425
-0.531425
-0.531425
0.286346
0.286346
2.15402
2.15402
1.94989
1.94989
1.94989
1.56509
1.56509
0.715463
0.370121
-0.980004
-0.980004
-1.37656
-1.37656
-1.37656
0.234286
-0.426703
-0.30316
0.881702
0.881702
0.883664
-0.301535
-1.43382
-1.43382
0.375449
0.375449
-0.221748
-0.221748
-0.3257
-1.82179
-1.82179
-0.989496
-0.989496
0.127281
-0.521019
-0.521019
0.678009
0.678009
0.788314
0.788314
-1.00283
-1.00283
-2.13621
-0.83158
-1.84263
-1.11117
-1.11117
0.162878
1.11586
1.11586
0.633036
0.633036
0.381578
0.381578
0.203837
-1.07257
-1.6066
-1.6066
-1.99872
-1.99872
-1.99872
-1.99872
-1.99872
-0.209742
-0.209742
-2.14961
-0.299958
-0.312168
0.40572
1.06686
-0.769726
-0.769726
-0.769726
-0.769726
-0.769726
-0.769726
-0.769726
-0.769726
0.539244
0.539244
0.373333
1.95099
0.233204
0.233204
1.07216
-0.221709
1.45308
1.45308
1.45308
1.45308
1.27468
-0.410087
-0.410087
-0.410087
-0.410087
-1.15687
-1.15687
-1.15687
-1.15687
-2.79719
-2.79719
-2.77311
-1.15661
-1.15661
-1.15661
-0.665114
-0.127568
-0.127568
0.801339
0.801339
0.801339
0.801339
-1.07554
-0.38909
0.383456
0.383456
0.523734
1.42923
-0.471718
-1.01403
-1.01403
-1.01403
0.285864
0.931232
1.21061
1.21061
-0.131455
1.26869
1.26869
0.664224
-0.271667
-1.04895
-2.74147
-1.97167
-1.97167
-0.898371
-0.69786
-0.69786
0.246019
1.57989
-0.160048
-1.27111
-0.700586
0.608857
0.842238
0.632866
0.632866
-1.14084
-2.11298
-2.11298
-0.14025
0.949515
1.51133
1.86429
1.52825
0.742943
0.742943
0.742943
0.742943
-1.18214
-1.18214
0.233946
0.233946
0.778307
1.42997
1.6691
1.6691
1.6691
0.2734
-1.41917
-0.0693596
-1.90162
-1.90162
-1.90162
-0.741972
-0.741972
1.03962
1.03962
0.916579
0.916579
1.64293
1.64293
1.80874
1.81329
1.81329
1.81329
1.81329
1.81329
1.81329
1.81329
1.81329
1.81329
2.33802
0.717646
2.33797
2.33797
1.59303
1.59303
0.347575
-1.01835
-1.01835
0.807709
2.02416
2.02416
2.02416
0.787336
1.30691
1.42665
1.42665
0.671741
0.597486
0.597486
0.779551
0.779551
0.779551
1.53963
1.15054
1.15054
-0.454509
1.52043
1.7671
1.7671
1.7671
2.2738
0.953146
-0.35552
0.859874
0.859874
0.871539
0.871539
1.30732
1.30732
2.65025
1.05504
1.05815
1.05815
1.05815
0.357639
-0.422021
0.300571
0.300571
-1.67362
-1.06677
-1.60881
-1.60881
-1.60881
-1.60881
-2.02359
-0.138906
0.549612
0.549612
0.549612
2.34467
2.34467
0.990284
-0.350388
0.7756
0.0890294
-1.18067
-1.18067
-1.08899
0.617787
0.617787
0.617787
0.617787
2.05401
1.21662
1.841
2.33707
1.39957
1.3263
1.3263
1.02276
1.02276
1.19795
1.19795
1.19795
2.38
2.05531
0.409327
-0.772855
-0.772855
-0.772855
-1.56735
-1.56735
-1.91689
-1.91689
-0.259019
-0.259019
-0.169884
1.05263
-0.255238
-1.61328
-1.61328
-0.543439
-0.670609
-0.670609
-0.670609
-0.670609
-1.81801
-1.81801
-1.81801
-1.81801
-1.81801
-0.254207
-0.751053
-0.232099
-0.232099
-0.232099
-0.232099
0.800801
-0.295418
-0.356546
-0.356546
-0.356546
-0.317048
-0.317048
-1.12683
-1.12683
-1.12683
0.36573
0.526128
0.875333
0.875333
0.875333
0.875333
0.875333
1.30706
0.500966
1.09657
0.416556
-0.917464
-0.176802
0.928851
0.928851
0.928851
0.702091
-0.623868
-0.461159
-0.461159
-2.2263
-2.2263
-1.00328
0.693731
-1.14525
-0.548724
-0.587211
-0.587211
-1.80536
-1.80536
-0.476286
0.491133
0.491133
0.970501
-1.01852
-1.01852
-1.4733
-0.705822
1.06145
1.06145
1.06145
1.06145
2.14837
1.68643
1.68643
0.960823
0.960823
2.81336
1.27442
2.01993
2.01993
2.01993
0.94779
0.94779
0.94779
1.77477
1.77477
1.20946
2.05302
2.05302
2.87603
1.85196
-0.140872
-1.38208
-1.12299
-0.709371
-0.432378
-1.77413
-1.77413
-1.77413
-0.179142
1.65284
1.65284
0.852697
0.852697
0.852697
0.852697
1.92425
0.429288
-0.467018
-0.467018
-1.88667
-1.26826
-1.26826
-0.270933
0.395073
0.395073
-0.237862
-0.214791
1.62935
1.62935
1.62935
1.62935
1.62935
0.846418
1.48011
2.27717
2.27717
1.86837
1.86837
1.86837
0.967133
1.04518
1.04518
1.73422
1.73422
1.73422
2.29271
0.957202
-0.687043
0.602251
1.98466
1.95649
1.95649
0.584162
0.584162
-0.925035
-1.43469
-1.39389
-0.329958
-1.00024
-2.53588
-0.715482
0.432698
-0.918578
-0.918578
-0.918578
-2.01878
-1.45195
-1.45195
-0.192024
-1.74489
-0.975616
0.503832
-0.777404
0.361254
0.361254
0.361254
1.6222
1.6222
1.6222
1.61372
1.61372
1.83478
0.630891
0.630891
0.630891
-0.534004
-1.25301
-1.25301
-1.25301
-1.25301
0.476655
-0.494028
-0.494028
0.210784
0.897139
0.897139
0.897139
-1.05876
-1.69378
-2.54382
-2.54382
-2.54382
-2.54382
-2.54382
-1.82808
-1.90856
-1.90856
-2.45738
-2.45738
-0.563292
-1.34785
-1.34785
-0.164979
-1.58084
-1.58084
-1.17077
-1.17077
-0.678006
-0.958679
0.710613
0.710613
1.55647
1.55647
1.55647
1.55647
1.82064
1.82064
1.82064
1.82064
2.39508
2.39508
2.39508
0.487218
2.23975
2.23975
1.8523
1.30758
-0.294631
-0.294631
-1.59138
-0.574917
-1.32821
-1.32821
-1.58676
-1.58676
-1.58676
-1.10043
0.463304
0.463304
2.15075
1.97149
1.99634
0.0573651
-0.101616
-2.01291
-2.01291
-2.01291
-2.01291
-2.01291
-2.01291
-2.01291
-1.80811
-0.461719
0.743224
-0.75121
0.10503
0.36368
1.6929
1.6929
1.6929
1.56406
1.56406
1.56406
1.67518
1.67518
1.67518
0.398231
0.398231
-0.974194
-0.974194
-1.8517
-1.8517
-1.8517
-1.8517
-2.146
-0.540325
0.987602
0.987602
1.4661
1.4661
1.4661
-0.353222
-0.353222
-1.96885
-0.330275
0.36689
-0.915877
-0.915877
-0.915877
-0.915877
-0.915877
-0.915877
-0.915877
-1.29294
-1.29294
-1.46634
-0.495885
-0.495885
-0.495885
-0.495885
-1.32258
-1.32258
-1.32258
-0.353444
-0.353444
1.1848
2.02699
2.02699
2.02699
2.02699
1.92436
0.69028
-0.926927
-0.740601
-0.570347
-0.39998
-0.39998
1.13602
0.638314
-0.483518
0.314234
0.472489
0.472489
0.472489
0.472489
-1.13857
0.739418
0.739418
0.739418
0.739418
0.531111
1.60206
1.60206
1.94146
0.658271
-0.536337
-1.57425
0.256268
-1.23667
0.421116
0.421116
-0.57397
-2.13015
-0.537037
-0.537037
0.86518
1.42996
1.42996
1.42996
0.880493
0.880493
1.83471
1.83471
1.83471
1.11641
1.11641
-0.882809
-1.61988
-0.974077
-0.946488
-0.946488
-1.53577
-0.81112
1.02585
0.260777
0.260777
-1.18339
-2.79968
-2.44521
-1.0587
-1.0587
-1.0587
-1.0587
-1.5008
-0.923849
0.887937
-1.00988
-1.00988
-1.00988
-1.00988
0.498059
0.749081
-0.431896
0.834637
0.593793
0.220212
0.158258
-0.869142
-0.774898
-0.774898
-0.774898
-0.774898
-0.242445
-0.426772
-0.426772
-1.62381
-1.62381
-0.702003
1.20566
1.20566
2.29931
2.29931
0.992021
-0.130282
0.653815
0.653815
-1.00705
0.821965
0.821965
0.874844
0.74909
-0.438084
1.51667
1.51667
1.51667
1.51667
1.51667
-0.314341
-0.314341
-0.314341
-0.314341
-0.863097
-0.863097
-0.863097
-0.863097
-0.863097
-0.863097
-0.863097
-0.8914
-0.905706
-1.34928
-0.125599
-0.318729
0.202067
0.202067
0.202067
0.202067
0.202067
0.202067
2.04169
2.04169
0.557986
0.557986
1.11273
2.36484
1.87188
0.589186
0.589186
0.589186
-0.533836
-0.312824
-0.312824
-0.896108
-0.896108
-0.896108
-0.896108
-0.896108
-0.896108
-0.19158
0.768547
0.949068
0.307871
0.307871
0.307871
0.307871
0.307871
0.866392
0.866392
-1.05615
-1.05615
-1.05615
-1.05615
-0.188584
-0.660586
-1.2257
-2.30592
-2.30592
-2.30592
-2.30592
-2.30592
-0.647188
-0.647188
-0.647188
0.826929
0.748437
-0.597655
-1.90937
-2.50677
-0.827039
0.854049
0.854049
0.854049
0.854049
0.854049
0.854049
0.854049
0.854049
0.854049
0.854049
1.5767
1.5767
0.982612
0.982612
1.73922
1.73922
0.496872
0.496872
1.68893
0.8049
-0.817637
-2.60406
-2.60406
-2.60406
-2.60406
-0.821499
-2.59456
-0.685888
-0.959144
0.923664
1.61554
0.645462
0.645462
0.645462
0.645462
1.06391
1.06391
1.06391
1.60878
1.60878
2.3281
2.3281
2.53482
2.53482
1.65604
1.58564
1.58564
0.6943
0.6943
0.370671
0.370671
0.370671
0.370671
0.306863
0.306863
0.306863
0.306863
0.306863
1.60307
2.01428
0.606452
0.606452
0.606452
-0.466033
-0.466033
-0.466033
-2.10538
-2.10538
-2.10538
-2.10538
-2.10538
-2.18259
-2.18259
-0.314686
-1.50207
-1.50207
-0.932533
-0.932533
0.945647
-0.252913
-0.252913
-0.252913
-1.32226
-1.32226
0.396961
-0.422263
-0.422263
-0.402623
-1.32578
-0.250073
0.217414
0.217414
0.217414
0.217414
0.217414
1.39367
2.68664
0.985759
0.985759
-0.451029
-0.902127
0.349114
-1.16791
-0.750308
-0.805209
-0.236814
-0.236814
0.915706
0.915706
-0.518984
0.542654
0.396305
0.146269
-0.326765
0.186505
-1.13391
-1.30715
-1.28772
-2.06127
-2.06127
-1.16304
-0.640535
0.48814
0.603716
0.603716
-0.457165
-0.457165
1.15799
1.15799
1.15799
-0.205048
0.942965
1.52589
1.47117
1.47117
0.410144
-1.22204
-1.22204
-0.714877
-0.925699
-0.872439
-0.872439
1.11035
1.26158
1.00868
-0.638055
0.874519
0.874519
-0.0855037
-1.63565
-0.779001
0.763405
-0.418833
-1.11581
0.675425
-0.0882066
1.37225
0.970497
0.970497
0.970497
0.970497
2.19141
0.865456
0.661391
1.5513
1.5513
0.536615
-0.798754
-0.798754
0.739472
0.739472
-0.148609
0.455156
1.17039
1.17039
0.984903
0.984903
0.984903
-0.423771
-0.423771
-0.423771
0.959142
-0.391595
-0.391595
-1.65002
-1.65002
0.305189
0.643089
0.643089
0.643089
1.63338
1.63338
1.63338
-0.345327
1.46584
-0.373625
1.40058
1.40058
1.40058
0.20504
1.18007
-0.538101
0.204885
0.204885
-0.495318
0.912273
0.912273
-1.00937
-1.00937
-1.00937
-1.00937
-2.24457
-0.879259
1.03213
1.03213
0.684596
0.684596
-0.672243
-0.354326
-1.16587
-1.53645
-2.3538
-1.14736
-1.14736
-1.14736
-1.12337
0.379263
0.379263
0.379263
0.379263
0.379263
0.379263
0.379263
0.379263
0.379263
0.379263
0.623527
0.240819
1.25499
0.958499
0.958499
-0.920814
0.529674
0.529674
1.09621
1.09621
1.11554
1.11554
-0.782818
-0.425734
-0.425734
-1.07182
-1.24951
-1.24951
0.162223
0.162223
1.41016
1.41016
1.41016
1.41016
1.41016
1.41016
1.06963
1.06963
1.06963
0.978798
-1.01498
0.449301
-0.600266
-0.600266
-0.70234
-0.70234
-0.70234
0.13653
-0.126386
-0.126386
-0.126386
-0.126386
-1.84344
-1.84344
-0.892378
-0.414908
-0.340837
0.280013
-0.475521
-0.715644
-0.715644
-0.102023
1.03138
1.09005
1.09005
-0.504068
-1.47965
-1.47965
-1.47965
-1.24537
-2.387
-1.66541
-1.93265
-1.93265
-1.07143
-1.07143
-2.67477
-1.77756
-1.9603
-1.9603
-2.13044
-0.701359
-1.3392
-1.3392
-1.3392
-0.224354
-1.39062
-1.39062
-1.39062
-0.93976
-0.318339
-0.318339
-1.16734
-0.950422
-2.58041
-3.04131
-1.95248
-1.95248
-0.610451
-0.610451
-0.610451
-0.306065
-1.18062
-1.18062
-1.16853
-1.71706
-1.71706
-1.71706
-1.71706
-0.960417
-0.543765
0.126358
-0.15833
0.373157
0.297858
1.1793
2.51176
2.51176
2.37636
2.37636
0.549126
1.01532
2.95336
2.06543
0.191367
0.191367
1.69078
1.69078
1.69078
1.85946
0.400126
0.297047
1.68633
1.68633
1.68633
0.698372
0.698372
0.220899
-1.29059
-1.29059
-1.29059
-1.29059
0.421746
0.421746
0.421746
0.421746
0.421746
-1.17763
-1.31339
-1.31339
0.169072
0.169072
0.169072
0.169072
0.169072
1.51189
1.51189
1.51189
1.51189
0.169419
1.69919
2.277
1.21669
-0.22258
-2.19154
-2.19154
-2.10694
-1.26257
-1.87799
-1.87799
-1.15282
-1.9606
-1.9606
-0.876815
-0.341095
-0.341095
-0.273572
-0.273572
-0.273572
-0.273572
0.215993
-0.442911
-0.442911
-0.442911
1.55037
1.55037
-0.207305
-0.207305
-0.207305
-0.207305
0.601369
0.601369
0.601369
-1.0299
-1.0299
-0.523129
-0.523129
-0.523129
0.768509
1.14532
1.14532
1.14532
1.14532
1.06841
1.86987
1.86987
0.490608
0.490608
1.77986
1.77986
2.89843
1.24528
1.24528
1.24528
1.24528
1.24528
1.24528
1.24528
1.24528
0.922718
0.922718
0.922718
-0.847509
0.757884
0.757884
0.399535
-1.27238
-2.02955
-2.00361
-2.00361
-0.288812
-0.529778
-1.1936
-0.537251
-0.537251
-0.537251
-0.741048
-0.741048
-1.29371
-0.648821
1.31661
1.31661
0.230015
0.230015
-0.191697
-0.191697
-0.191697
-0.191697
0.169071
-1.56511
-0.358673
-1.02402
-1.02402
-0.825193
-0.825193
-0.825193
0.937013
0.937013
0.467495
-1.18358
-1.18358
-2.65759
-1.51543
-1.51543
-0.132742
0.721104
0.45566
0.23958
0.904357
0.904357
0.583124
0.583124
0.583124
-0.548847
-0.214468
-0.214468
1.23186
1.23186
0.839762
0.839762
0.839762
0.839762
0.918252
1.85054
1.85054
1.85054
0.869968
0.869968
0.869968
-0.830708
-0.830708
-0.830708
-0.830708
0.118493
0.118493
0.118493
1.46599
1.46599
1.46599
1.72978
0.69369
0.910371
0.910371
0.797826
2.15355
2.15355
2.15355
1.39805
1.9155
1.9155
1.9155
1.9155
1.9155
0.257641
-1.72875
-0.840073
-0.456019
-0.921264
0.940448
0.529607
0.529607
-0.215752
-0.744755
0.532721
0.421064
0.421064
0.844848
1.50849
1.50849
0.662399
2.25995
2.25995
2.25995
0.9502
0.9502
0.9502
0.582433
0.845898
1.4421
-0.412081
-0.412081
1.53208
2.33211
0.453779
1.41101
1.41101
-0.424278
-0.622531
1.3668
1.3668
-0.306049
-0.306049
-0.306049
0.670118
0.670118
-0.336596
-0.336596
-0.336596
0.427252
-1.17728
-1.17728
-1.17728
-0.80102
-0.80102
-0.80102
-0.763456
1.2274
-0.436145
0.95367
0.814758
0.814758
0.511857
0.637271
1.91638
0.24021
0.382023
0.726958
1.88053
1.47893
1.47893
1.47893
0.969635
0.969635
1.74735
1.74735
1.1108
1.1108
0.264195
0.264195
-1.34308
-0.779464
0.895128
0.895128
0.895128
0.895128
0.895128
0.895128
1.68766
1.38109
1.38109
2.39659
2.07294
1.8817
0.667609
-0.802096
0.338578
0.162565
1.43503
1.43503
1.36516
1.36516
1.36516
1.36516
1.36516
1.36516
1.36516
1.36516
-0.434999
1.00427
1.00427
1.00427
1.00427
1.00427
-0.903333
-0.903333
-0.509862
-0.509862
-0.509862
-0.509862
-0.509862
-0.509862
-0.509862
-0.509862
-0.509862
-0.509862
-0.73368
0.191007
0.143451
-1.37772
-1.37772
-1.37772
-1.37772
-1.37772
-1.83406
-1.83406
-1.83406
-1.83406
-1.4178
-1.4178
-2.08432
-0.159494
-0.159494
-1.36823
-1.36823
-1.35231
-1.35231
-1.35231
-1.35231
0.0843308
2.02927
2.02927
2.02927
1.33303
1.33303
0.692001
0.692001
0.692001
0.6878
1.71001
1.71001
1.01371
1.41868
1.93619
1.93619
1.93619
1.93619
0.196248
0.196248
0.938878
0.938878
0.938878
-0.171732
-0.802064
1.06206
1.81831
1.81831
0.734233
0.734233
0.734233
-0.344832
-0.344832
0.755195
0.755195
1.48527
1.48527
1.48527
1.48527
1.48527
0.411196
0.411196
0.357885
2.175
2.175
2.59342
2.59342
2.59342
1.89215
1.89215
1.23072
1.84914
0.899673
1.5748
0.7626
0.7626
0.7626
-0.402452
-0.678236
-0.678236
-0.673844
-0.626032
0.894581
-0.309136
1.25806
0.300616
-0.992104
-0.992104
-0.992104
-0.690341
-0.690341
1.02368
1.02368
1.02368
1.02368
1.02368
1.02921
0.796411
0.796411
1.78294
1.78294
1.78015
1.1659
1.1659
0.949857
0.949857
-1.03587
-0.391556
1.35139
1.35139
0.602396
0.761515
-1.00753
-1.00753
-1.00753
-1.00753
-1.00669
0.708885
0.708885
0.717992
-0.367312
0.858522
0.858522
0.858522
0.858522
1.74044
1.74044
0.936899
0.936899
0.936899
2.07367
1.42597
2.02061
0.541087
1.37712
-0.342645
-0.342645
-0.30881
-0.30881
0.516009
0.516009
0.516009
0.516009
-0.371617
-0.371617
0.894136
0.799711
0.799711
0.799711
1.81521
1.35507
1.35507
1.67406
1.67406
0.231076
-1.75954
-1.75954
-1.75954
-0.73592
-0.73592
-0.73592
-0.250296
-0.291796
-0.94905
-0.94905
-0.94905
-1.18188
-1.18188
-1.18188
-1.2847
-1.2847
-1.2847
-1.2847
-1.2847
-2.55292
-2.55292
-1.36603
-1.36603
-0.832339
0.728375
0.728375
1.46898
0.788629
0.292307
0.292307
1.63247
0.850538
0.850538
1.76541
1.76541
1.92247
0.493751
0.211518
-1.73827
-1.73827
-1.04705
-1.04705
-1.87531
-1.87531
-1.87531
-1.87531
-1.87531
-1.89368
-1.89368
-0.92628
0.351757
-1.21678
0.146441
0.930892
0.930892
2.0446
0.655363
0.655363
0.655363
-0.306647
-1.32152
-1.32152
-1.32152
-1.32152
-1.32152
-1.32152
0.424121
0.584879
-0.323836
-0.323836
-0.323836
-0.323836
-0.995748
-0.995748
-0.995748
-0.995748
-0.995748
-0.995748
-0.995748
-0.805249
-0.805249
-0.805249
-0.450705
-0.450705
-0.450705
-0.450705
-0.450705
0.203351
0.203351
-1.43852
-1.43852
-1.43852
-1.54183
-1.54183
-1.00733
-1.02349
-0.94658
-0.94658
-0.94658
-0.94658
-0.452599
-2.20804
-0.829462
-0.829462
-0.40066
-0.147164
-0.147164
-1.36327
-0.178986
-0.178986
0.194611
1.93644
1.08438
1.08438
1.08438
-0.504941
-0.504941
1.04501
2.19017
2.19017
0.367803
0.435593
0.435593
-0.807749
1.08946
1.16235
1.88861
0.539935
0.539935
0.927324
0.927324
-0.176369
-2.12775
-0.798264
-0.549737
0.461176
0.954453
0.954453
2.57012
2.57012
2.57012
1.36085
2.61179
2.78759
1.361
1.361
1.361
1.361
1.741
0.456189
-1.51878
0.281934
-1.05865
-1.05865
-1.05865
-1.05865
-0.800591
-0.800591
-2.62682
-2.62682
-0.900476
-0.900476
-0.293985
-0.53043
-0.53043
-0.53043
-0.53043
0.93827
-0.605257
1.36349
1.36349
1.36349
1.36349
0.349506
0.497751
0.497751
0.979595
1.54138
1.54138
-0.440992
0.264961
0.54876
1.05597
1.33542
0.713137
0.523123
0.523123
0.523123
1.54772
1.54772
1.54772
0.230201
0.230201
-0.541454
-1.6643
-1.6643
-0.913815
-0.913815
-1.93657
-1.93657
-1.93657
-1.93657
-1.93657
-1.93657
-1.93657
-1.39572
-1.39572
-1.30884
-1.30884
-1.91248
-1.91248
-0.30401
0.316304
0.316304
0.272507
0.340833
0.340833
1.9812
1.2946
0.347555
0.347555
0.347555
0.347555
0.217075
-0.778128
-0.370417
1.20296
1.20296
-0.762286
-2.50789
-2.50789
-2.50789
-0.631483
-0.631483
-0.631483
-0.631483
-0.631483
-0.631483
-1.06845
0.44442
0.61623
0.61623
-0.887181
-0.887181
-0.262902
-0.262902
-0.262902
0.583363
0.158461
1.817
1.817
1.817
1.817
1.8739
0.54354
-1.30221
-0.802127
-0.802127
-0.802127
-0.837309
-0.837309
-0.837309
-1.95355
-1.95355
-2.14241
-1.85317
-2.60587
-3.22548
-2.54083
-2.76559
-1.39917
-1.39917
-1.39917
-1.95636
-0.122454
-1.03233
-2.66881
-2.66881
-1.52195
-0.585078
0.897837
2.4335
1.51333
1.00093
1.00093
1.00093
1.00093
1.00093
1.00093
1.42155
2.75525
2.75525
3.09724
1.86782
0.490944
-0.305867
-0.305867
-1.14286
-1.14286
-0.355358
-0.355358
-0.68668
-0.895246
-0.431844
-1.08004
-1.08004
-2.79403
-2.79403
-2.79403
-2.79403
-1.87724
-1.0632
-1.1073
-0.827031
-0.827031
-1.94433
-1.94433
-1.06139
-1.06139
-0.379955
-0.379955
-1.73764
-1.62967
-1.62967
-0.799796
-1.02653
-1.14131
-1.14131
-1.14131
-1.14131
-1.14131
-0.648684
-0.648684
-1.6748
-2.00375
-2.00375
-0.304569
-1.20455
-0.334653
-0.643492
-0.587862
1.22056
1.66355
0.61491
0.61491
0.903677
-0.745722
-0.745722
-2.14426
-2.51631
-2.51631
-2.51631
-2.51631
-2.51631
-0.656779
-0.656779
-0.253229
-0.987251
0.141073
-1.41821
0.171488
1.44712
1.44712
1.44712
1.44712
1.12994
1.12994
1.12994
1.12994
1.12994
0.468275
0.468275
0.468275
0.652086
-0.759969
-0.759969
0.307398
0.797174
0.797174
0.797174
0.797174
0.479043
0.756462
-0.827976
-0.827976
-0.682291
-1.53653
-1.02825
-1.02825
-1.02825
-1.02825
-0.921503
0.307631
-0.698662
-0.698662
-1.10735
-1.10735
-1.10735
-1.10735
-1.10735
0.451311
-0.313652
-0.505603
-0.505603
-0.38711
0.823187
-0.62928
-1.22773
-1.22773
-0.645601
-0.645601
0.813591
0.330872
0.330872
0.330872
0.356187
0.244169
0.616449
0.42402
0.42402
0.42402
-0.531128
0.699158
0.699158
0.699158
0.699158
0.699158
0.699158
0.699158
0.699158
0.401193
0.401193
0.401193
-0.691498
-0.691498
-0.0942069
-0.0942069
-0.333499
-0.381719
-0.265008
-0.265008
-0.265008
-0.453418
-0.453418
-0.453418
-0.453418
0.461009
0.461009
-0.958201
-1.27525
-1.27525
-1.27525
-0.369482
-0.369482
0.88775
1.10273
0.466141
0.579473
1.13287
1.32791
1.32791
-0.171742
1.72848
0.397398
-1.13939
-1.44368
-1.44368
-1.98073
-1.61684
-1.61684
-1.86986
-1.86986
-1.86986
-1.86986
-1.37434
-1.37434
0.423716
0.423716
0.423716
0.212293
-1.17728
-0.10675
-1.48611
-0.606876
-0.776744
-1.41425
-1.41425
0.379285
-1.53587
-1.53587
-1.53587
-1.53587
-2.49239
-0.946697
-1.46681
0.198958
1.74528
1.31344
1.23149
1.23149
1.23149
1.23149
1.23149
0.53132
0.242516
0.242516
0.63985
0.63985
0.63985
0.667952
1.02088
1.02088
0.284964
0.284964
-0.487072
1.02333
-0.314985
-1.35432
-1.79687
-1.7014
-1.7014
-1.7014
-1.02682
-1.02682
-1.02682
-1.02682
-1.36564
-1.36564
-0.221424
-1.54353
-1.96826
-1.96826
-1.96826
-1.15148
-1.51359
-1.51359
-1.51359
-1.51359
-1.27445
-1.30695
0.473988
0.473988
0.809938
-0.806408
1.03538
0.426115
0.426115
-1.4124
-1.4124
-1.74501
-2.72025
-2.72025
-2.612
-2.74799
-1.63406
-1.63406
-1.63406
-2.33924
-2.33924
-2.33924
-2.79007
-2.79007
-2.83977
-2.83977
-2.29016
-1.74157
-2.65789
-1.71817
-1.71817
-1.71817
-1.9177
-1.79091
-1.34388
-1.34388
-1.34388
-1.34388
-0.303397
0.726817
-0.31428
-1.88758
-1.88758
-1.88758
-1.88758
-1.88758
-1.44688
-0.767354
0.83884
0.83884
0.83884
-1.0442
-0.640485
-0.640485
-0.736391
-0.736391
-0.736391
-0.736391
-0.652981
-2.22053
-2.22053
-1.51258
-1.51258
-1.17745
-1.17745
-0.721762
-0.721762
-0.721762
-0.721762
1.00259
1.37188
1.33636
1.33636
1.33636
1.33636
1.17981
0.159348
0.618827
0.368434
0.368434
-1.47488
-2.25276
-2.25276
-0.578964
-1.88767
-1.24782
-1.24782
-1.37328
-1.37328
-0.877191
-0.877191
0.291339
-0.658829
-0.373642
-0.782465
-1.54917
0.284555
0.284555
0.565197
0.160527
-1.28791
-1.98853
-1.98853
-1.98853
-1.98853
-1.98853
-1.98853
-1.57043
-1.81848
-0.73223
-0.73223
-0.470481
-0.470481
-0.470481
-0.470481
-1.13675
-1.13675
-0.259527
-0.259527
-1.32633
0.535881
0.941814
-0.200916
0.258985
0.258985
1.74079
1.74079
1.74079
1.74079
0.815405
0.858406
-0.403477
-1.25415
-1.25415
-1.25415
-1.25415
-1.25415
-0.739533
-0.320195
-0.320195
-0.811445
-0.693508
-1.01361
-2.0423
-2.0423
-1.20336
0.754312
0.754312
0.754312
0.754312
1.37959
1.37959
0.942874
0.555601
0.555601
0.555601
0.555601
1.69395
1.69395
1.69395
1.69395
1.69395
0.695281
0.695281
0.695281
-1.10058
-1.10058
-1.10058
-1.10058
-1.47885
-0.963789
-0.963789
-0.963789
0.321547
-1.40737
-1.40737
-1.40737
-1.40737
-1.40737
-1.40737
-0.54377
-0.714307
-0.714307
-0.714307
1.02805
-0.848805
-0.848805
-0.848805
-1.51454
-1.51454
-1.51454
-1.51454
-1.51454
-1.51454
0.315381
1.51085
1.51085
2.33993
1.81527
1.38958
1.38958
1.38958
1.38958
2.36424
2.36424
2.36424
0.457555
0.310501
0.310501
-0.538439
-0.65181
1.20198
1.42233
0.477247
0.871629
-0.478857
-0.478857
-0.478857
-0.579343
-2.24255
-2.24255
-2.24255
-2.24255
-1.38032
-1.38032
-0.176862
-1.45131
-1.45131
-1.45131
-0.892873
-1.36763
-2.24659
-2.24659
-2.24659
-2.24659
-2.24659
-0.615724
-0.615724
-0.615724
-1.29897
-1.29897
-0.485368
0.263336
-1.39984
-1.39984
-1.39984
-2.08195
-2.08195
-0.639091
-0.639091
-0.639091
-0.639091
-2.0509
-2.0509
-2.0509
-2.0509
-2.0509
-1.4255
0.237103
0.365133
1.76331
1.76331
1.76331
1.76331
1.76331
0.693696
0.693696
0.747942
-0.949898
-0.196774
1.5496
-0.181876
-1.21392
-1.21392
-1.21392
-1.21392
-1.21392
-1.21392
-1.21392
-1.21392
-1.21392
-1.21392
-1.21392
-1.63952
-0.995574
-0.995574
-0.840249
-0.840249
0.404008
0.404008
-1.41657
-1.41657
-1.41657
-1.41657
-1.41657
-1.41657
-1.41657
-2.1149
-2.00116
-0.65701
-0.65701
-2.56045
-1.03503
-1.55509
-1.55509
-1.55509
-1.55509
-0.881554
0.713667
0.713667
0.713667
1.60445
1.60445
1.26155
1.26155
1.26155
-0.140998
-0.643461
-1.84008
-1.84008
-1.82597
-0.451665
-0.451665
-0.451665
-0.451665
-0.451665
-1.12387
-1.12387
-1.12387
-1.12387
-1.12387
0.614373
1.31434
1.31434
1.31434
-0.331052
-0.331052
-0.331052
0.999103
0.999103
0.922652
1.42637
1.42637
1.42637
1.42637
1.07422
1.07422
1.07422
-0.681421
0.656883
-1.30599
-1.30599
-2.21608
-1.42157
-1.42157
-1.4327
-1.4327
-1.4327
-1.4327
-1.4327
-0.42771
-0.42771
0.311997
-1.4052
-1.4052
-1.4052
-1.4052
-1.78599
-1.78599
-1.78599
-2.30861
-2.30861
-2.30861
-2.30861
-0.439276
0.428531
0.428531
0.7551
1.31809
1.80167
1.80167
1.80167
1.80167
2.49612
2.49612
2.49612
0.936902
-0.367379
0.54542
-1.37518
-2.04154
-2.04154
-2.04154
-1.52317
-1.52317
-1.80286
-1.80286
-1.80286
-1.80286
-2.69444
-2.69444
-2.69444
-2.69444
-1.04482
-1.24938
0.725661
-0.484866
-0.484866
0.58426
1.57116
1.57116
1.80419
1.80419
1.80419
0.574406
-0.209242
-0.209242
-1.35306
-1.13992
-1.12962
-1.12962
-1.12962
-0.607692
-1.78457
-1.78457
-1.78457
-1.78457
-1.78457
-1.78457
-1.78457
-1.78457
-1.78457
0.20522
-0.553841
-1.35224
-1.42933
-0.63209
-0.63209
-0.63209
-1.30734
-1.30734
-1.30734
-0.38317
-0.707734
0.429909
0.691213
0.691213
0.691213
0.691213
0.691213
1.1187
-0.824964
-0.824964
-0.325897
0.793401
0.727288
0.727288
-0.323644
-0.323644
-0.74101
0.853003
1.49887
1.49887
-0.496042
0.380199
-1.53632
-1.53632
-1.53632
-0.183135
1.26451
0.621826
-1.17641
-1.17641
-1.17641
0.589662
0.589662
0.589662
2.0559
1.21734
0.629044
1.16907
1.16907
0.439078
0.439078
0.439078
0.439078
0.64182
-0.725476
0.236828
0.677395
-0.351774
-1.51362
-0.402607
-0.402607
0.452085
0.452085
1.64359
1.64359
1.31991
1.31991
1.31991
0.908627
-0.781644
-2.32152
-1.00349
-1.00349
-1.36272
-1.36272
-2.34967
-1.53038
-0.615498
0.183385
0.00141134
1.85226
1.72274
1.72274
1.72274
1.01482
1.77149
1.383
0.178527
-1.29123
-1.29123
-1.29123
0.0939421
1.44048
1.44048
1.44048
1.56108
1.03882
1.03882
-0.249093
-1.00383
-1.75805
-1.75805
-1.67699
-0.548124
-0.997504
0.342083
0.342083
-0.309701
-0.473477
-0.473477
0.952304
1.63279
1.63279
1.63279
1.63279
0.595097
-0.319227
1.23766
1.16651
1.16651
0.786531
0.786531
0.786531
0.786531
0.786531
-0.428817
-0.145523
1.28154
0.263027
2.06202
1.44325
1.44325
1.44325
1.95146
1.07662
1.07662
1.07662
1.27386
1.27386
1.27386
1.27386
1.27386
1.1834
0.246603
2.22372
1.55577
1.55577
-0.249856
-0.249856
0.836102
-0.705075
0.483281
1.33594
1.33594
-0.491479
-0.491479
-0.570974
0.794254
0.794254
0.898751
1.0605
1.0605
1.0605
1.0605
1.0605
1.0605
1.78874
1.78874
0.740629
0.673543
2.6729
0.940785
-0.143954
0.994632
0.994632
0.994632
-0.894181
0.260299
0.260299
1.76704
-0.224191
1.25547
0.689324
0.196632
1.84907
1.84907
1.84907
1.84907
1.84907
1.84907
1.71684
2.02634
2.02634
1.90186
1.90186
1.90186
1.75861
1.75861
1.75861
0.405964
2.04772
1.07033
0.332197
-0.553341
-0.881007
-1.53693
-1.53231
-1.53231
-1.53231
-3.1458
-3.1458
-3.1458
-3.1458
-2.64097
-2.64097
-2.64097
-2.64097
-2.38727
-2.7004
-2.7004
-0.899798
-0.147491
-0.715146
-0.715146
-0.715146
-2.31904
-2.31904
-2.31904
-2.31904
-2.31904
-2.31904
-2.31904
-1.90281
-2.30012
-0.706354
-0.831491
-1.43076
-1.48233
-0.985808
-0.985808
-1.25263
-1.25263
0.647708
0.647708
2.10497
1.67328
2.02606
0.390402
0.599672
0.599672
0.580193
-0.954099
0.63782
0.63782
0.63782
0.947108
2.09016
2.87454
1.73571
1.73571
1.73571
0.136182
0.136182
-1.15243
-1.15243
-1.15243
-1.15243
-1.15243
-1.15243
0.443281
-0.692984
-2.64534
-2.64534
-1.36114
-1.58503
-1.58503
-1.58503
-1.58503
-0.835017
-0.835017
-0.932852
0.810508
0.810508
0.810508
0.16826
0.16826
1.97884
1.97884
1.97884
0.315654
0.315654
0.315654
0.315654
0.587436
0.587436
-0.612925
-1.3254
-1.3254
-0.763592
-0.710164
-0.710164
1.23216
-0.626169
0.943841
0.667338
-0.729929
0.367446
-1.15903
-1.94518
-1.94518
-1.94518
-1.94518
-1.94518
-1.94518
-0.851545
-0.851545
-0.851545
-0.851545
-0.851545
-0.745616
1.17904
1.17904
1.82612
1.82612
1.82612
1.82612
1.13746
1.13746
1.69069
1.69069
1.69069
1.69069
1.69069
2.56764
2.56764
2.56764
2.56764
1.18324
1.18324
2.25597
2.25597
0.97914
-0.750141
-1.06246
-1.06246
0.51405
0.51405
-0.399484
-0.399484
-1.53096
-1.53096
-1.53096
-1.53096
-0.436652
-0.436652
-0.436652
-1.17795
-2.69983
-1.26535
-0.287175
-0.287175
-1.39644
0.430478
0.430478
0.430478
-0.79778
-1.7809
-1.7809
-0.218218
-1.88606
-1.88606
-1.72407
-1.72407
-1.72407
-1.72407
-1.72407
-1.72407
-0.643121
-0.643121
0.842357
0.842357
-0.890924
0.752303
0.691793
0.691793
-0.848276
-0.848276
0.863539
0.863539
0.863539
0.863539
0.863539
0.13594
1.4033
1.4033
1.31584
1.31584
1.31584
0.410504
0.410504
0.410504
-0.614134
-0.614134
-0.78223
-2.11537
-2.11537
-2.11537
-2.11537
-0.754647
-1.0647
0.76493
0.76493
0.76493
0.76493
-0.500458
-0.500458
-0.500458
-0.554303
-0.554303
-1.34358
-1.34358
-0.685074
-0.685074
-0.254817
-0.254817
-0.254817
-1.1026
-1.1026
-0.69739
-0.69739
-0.69739
-1.53926
-1.53926
-2.20854
-1.73531
-2.34652
-2.22462
-2.22462
-2.22462
-2.22462
-1.76052
-1.76052
-1.76052
-1.76052
-2.39474
-0.534238
0.610832
1.57301
1.57301
1.57301
0.779178
0.779178
0.779178
-0.57342
-0.57342
-0.57342
-0.57342
1.27001
2.00621
2.00621
0.705805
0.705805
0.185309
-0.473789
-0.473789
-0.473789
-0.473789
0.520824
2.14076
2.14076
2.14076
2.14076
2.64781
0.935141
1.58533
0.929334
-0.425483
0.697214
0.697214
0.283364
-0.159237
-0.592531
-0.592531
1.17854
1.17854
1.17854
0.249028
0.592832
0.592832
2.01686
0.899562
0.899562
1.99513
1.99513
1.99513
1.99513
1.21127
2.15575
2.15575
1.24384
1.71144
1.71144
1.71144
1.09848
1.19538
-0.525159
1.22419
0.612579
0.612579
0.883726
0.883726
-0.526357
-0.226623
-0.68811
1.26435
1.46239
0.411916
0.411916
0.411916
0.411916
0.411916
-1.09302
-0.503334
-0.518184
1.08891
0.825682
-0.285553
-0.179601
0.942353
0.942353
1.3487
0.935785
0.935785
0.935785
0.145185
0.572457
-0.668994
1.08427
1.08427
1.08427
-0.245468
-0.245468
1.60005
1.60005
1.60005
1.79117
1.79117
0.526278
0.526278
0.696009
-0.512056
-0.356244
-1.46365
-1.46365
-1.77621
-1.87521
-1.54467
0.269086
0.269086
0.269086
1.93097
1.93097
1.93097
1.93097
0.300256
-0.739793
-0.739793
0.182117
-1.2177
-1.27483
-1.27483
-0.541293
-0.541293
-0.541293
-0.541293
1.31258
1.31258
1.31258
1.31258
1.31258
1.31258
1.31258
0.127813
-1.46645
-0.478907
-1.46461
-1.46461
-0.202897
-0.202897
0.456555
0.456555
1.61184
1.61184
0.791166
0.791166
0.791166
-0.810456
-1.56757
-1.56757
-1.56757
-0.744736
-2.17738
-1.64777
-1.54627
-1.54627
-1.54627
-1.78127
-1.78127
-1.78127
-2.00182
-1.93959
-0.746649
-0.866296
0.31868
-0.683969
-0.683969
-2.28892
-2.28892
-2.28892
-1.18344
-0.157624
-0.157624
-0.157624
0.489038
0.489038
0.126494
0.126494
0.126494
0.126494
-1.55761
-1.55761
0.433783
1.50745
0.382348
0.382348
1.16998
1.16998
0.135224
0.135224
-1.11272
-1.11272
-0.719113
-0.719113
-0.571635
-0.939584
-0.244451
-0.390145
-0.390145
-0.852431
-0.852431
-0.852431
-0.852431
-1.32431
-1.32431
-1.32431
-1.32431
-1.39024
0.534601
-0.465431
-0.465431
-0.465431
-0.517996
-2.07225
-0.321667
-0.678695
0.539568
1.39305
1.39305
-0.438135
0.888128
0.888128
1.29652
1.29281
-0.526511
0.762941
-0.302639
-0.302639
-2.18142
-2.18142
-2.18142
-1.28523
-1.45421
-0.184785
0.916594
0.916594
-0.615298
-0.320967
0.71518
0.71518
2.35188
0.821799
-0.78237
-0.78237
-0.78237
-1.16182
0.364878
0.364878
-0.473634
-0.473634
-0.433403
-0.433403
-0.433403
0.49126
0.49126
0.49126
0.49126
-0.602152
-0.602152
-0.763218
-0.813895
-0.813895
-1.62133
-1.62133
-1.62133
-1.62133
-1.62133
-1.58111
-1.4933
-1.4933
-1.4933
0.246072
0.246072
0.246072
0.246072
0.246072
1.92271
2.05248
2.05248
2.05248
2.05248
2.05248
2.05248
0.436314
0.436314
0.381353
1.89689
1.11023
0.407052
0.129436
-0.94487
-0.94487
-0.25316
-0.25316
1.46795
1.46795
0.456974
0.456974
0.456974
0.456974
0.405003
0.405003
0.405003
-0.588884
0.830399
0.830399
0.370729
0.370729
-1.13678
0.199279
-0.825082
-1.25112
-0.732326
0.653644
-0.369811
-0.369811
-0.369811
-0.369811
-0.369811
-0.128206
-0.128206
-0.666489
-0.666489
-0.666489
0.244983
0.244983
-1.57279
-1.57279
-1.57279
-0.307857
0.474666
-0.695756
0.0906467
0.0906467
1.14775
1.6385
1.6385
1.6385
1.6385
1.6385
1.99107
1.07574
1.07574
0.404138
0.404138
-1.38277
-1.38277
-1.38277
-1.38277
-1.38277
-1.60948
-1.60948
-2.36254
-2.36254
-0.576767
-0.576767
-1.29833
-2.21715
-0.684524
0.98182
-0.890764
-0.890764
-1.14751
-1.14751
-1.14751
0.657388
-1.13038
0.190196
0.190196
0.190196
1.72343
1.72343
1.07799
1.07799
0.482242
0.940205
0.940205
-0.903025
0.400947
0.400947
0.400947
0.760801
0.878065
0.878065
0.878065
1.59428
1.59428
1.59428
0.250609
0.250609
-0.579278
-0.579278
-0.579278
-0.579278
-0.579278
-0.579278
-1.10204
-0.157194
0.384673
1.06385
1.06385
1.06385
1.06385
-0.775068
0.570268
-0.827037
-0.249486
0.249724
-0.34039
0.215497
0.215497
0.215497
-0.655016
-1.92994
-1.92994
-1.87986
-1.34861
0.296881
0.559968
0.559968
0.559968
0.559968
-0.221994
-0.637314
-0.544616
-1.10195
0.471865
0.471865
0.59715
1.84897
1.84897
1.84897
1.65151
0.970167
0.996836
-0.557109
-2.00212
-2.00212
-1.4038
-0.767853
-1.82265
-1.20458
-1.20458
-0.367293
0.451884
0.451884
-1.37446
-1.37446
-0.643985
-0.643985
-0.643985
0.133653
-0.255378
-0.255378
-1.16444
-1.59521
-1.59521
-1.98016
-1.98016
-1.98016
-1.98016
-1.30713
-0.616447
-2.1703
-0.620559
-0.347776
0.818265
-0.432146
-0.432146
0.882161
0.882161
0.882161
0.350394
-0.800437
0.72659
0.72659
-0.560546
-1.53607
-1.53607
-1.53607
-1.34094
-1.14526
-1.14526
-1.55252
-1.55252
-2.27777
-1.93629
-1.93629
-1.2486
-1.2486
-1.23048
-1.23048
-0.841001
-1.9773
-1.9773
-1.9773
-2.08936
-1.33093
-0.120538
0.95177
0.442183
-0.724306
-0.724306
-0.724306
-0.900389
-0.823969
-0.391842
-0.391842
-0.391842
-0.391842
1.26955
1.26955
1.01567
1.01567
0.770874
1.25898
1.25898
-0.440475
1.34816
1.34816
1.44743
1.44743
0.988238
0.762047
-0.720013
1.20502
1.20502
0.843323
0.843323
0.795936
1.33298
1.21618
1.21618
-0.728441
-0.728441
-0.76815
0.166738
-1.76785
-0.119439
0.751612
0.751612
1.37747
1.37747
1.37747
1.37747
-0.56656
-0.56656
0.36321
0.36321
0.36321
-0.709717
-2.10907
-2.10907
-2.10907
-2.10907
-2.10907
-0.923678
-0.923678
-1.82136
-1.4938
-1.43957
-1.43957
-1.43957
-0.478438
1.24972
1.24972
1.24972
1.24972
1.24972
1.24972
1.24972
1.67116
1.24623
1.24623
1.24623
0.768967
-0.718572
-0.718572
-2.04241
-2.04241
-0.688517
-0.688517
0.929373
0.929373
-0.213991
-1.9773
-1.9773
-1.9773
-1.9773
-0.59829
-0.212033
-0.349891
-0.349891
0.809311
0.809311
0.38956
-1.39401
-1.39401
-1.6326
-1.6326
-1.6326
-1.6326
-1.6326
-2.41437
-1.05681
-0.468954
-1.05708
-1.05708
-1.05708
-1.05708
-2.22509
-2.22509
-1.2046
-1.2046
-1.2046
-1.2046
-1.2046
-1.2046
-0.188219
-0.188219
-0.188219
-0.188219
-0.274319
-1.71941
-0.936675
-0.489747
0.465517
-1.49558
-0.700285
-0.653961
-0.653961
0.496348
0.496348
0.496348
0.633591
1.82435
2.05129
0.441983
0.441983
-1.31992
-1.31992
-1.31992
-1.41458
-1.41458
-1.05506
-1.05506
-1.05506
-1.05506
-0.106193
-1.4224
-1.4224
-0.791633
-0.791633
-1.07527
-1.07527
-1.07527
-1.07527
-1.07527
-0.366666
-1.83412
-1.83412
-0.634472
-0.634472
-0.634472
-2.1804
-2.1804
-1.91164
-1.91164
-2.42561
-0.486487
-0.486487
-0.486487
1.05518
1.05518
1.58598
1.58598
1.58598
0.183844
0.674342
1.90703
1.90703
0.183069
-1.80003
-1.80003
-1.80003
-1.80003
-1.79019
-1.5065
-1.06082
-1.06082
-1.06082
-1.06082
-1.06082
-1.51818
-1.89444
-1.39885
-2.4045
-2.4045
-0.736948
-0.736948
-0.736948
-0.736948
-0.736948
0.647198
-0.181458
-0.181458
0.364609
0.364609
0.364609
-0.592236
-0.592236
1.33732
-0.000998324
-1.80179
-2.19933
-0.78787
-0.78787
-1.04888
-1.04888
-1.04888
-0.759283
0.561055
-1.36162
-1.36162
-1.36162
-1.36162
-1.79462
-0.203559
-0.203559
-1.32089
-0.312856
-0.312856
-1.50455
-0.208964
1.30697
2.80119
2.80119
1.17806
-0.611876
-0.611876
1.02291
-0.955441
0.275145
0.275145
0.275145
-0.144125
-0.144125
0.826976
-0.820024
-0.820024
-0.820024
-0.820024
-0.820024
0.249003
0.396835
0.98462
1.04377
1.19104
1.19104
1.19104
1.97566
1.97566
1.97566
0.94875
-0.974834
-0.410151
-2.32276
-2.32276
-2.32276
-2.32276
-2.32276
-0.399432
0.163715
0.580382
0.580382
0.580382
0.430804
-1.40495
-1.40495
-0.776575
0.23897
-1.27466
-1.27466
-1.27466
-1.27466
-2.45
-0.95066
-2.03532
-2.03532
-0.25141
0.839739
-0.34011
-0.34011
-1.92133
-1.92133
-1.81158
-0.477577
-1.99998
-1.61375
-0.317154
-0.317154
0.547867
0.547867
0.547867
2.45517
2.45517
0.615627
-0.701045
-1.37902
-0.405596
-0.405596
-0.405596
-0.405596
-0.405596
-0.639911
-0.711488
0.791222
0.791222
0.791222
0.791222
0.791222
-0.481859
-0.357714
-0.357714
-0.357714
-2.27262
-2.27262
-2.27262
-2.27262
-1.19786
-1.19786
-1.47722
-1.47722
-1.47722
-2.02272
-2.02272
-2.02272
-1.17924
-1.17924
0.566087
0.566087
-0.864428
-0.864428
-1.03224
0.219669
0.219669
-0.193975
-0.331994
-1.69933
-1.75969
-1.75969
-1.75969
-1.75969
-2.65657
-1.25062
-1.25062
-1.25062
-1.25062
-1.25062
-0.365317
-0.365317
-0.238175
-0.238175
-0.238175
0.492891
0.492891
0.492891
0.492891
0.506665
0.506665
1.13428
1.13428
1.13428
1.13428
0.673666
0.673666
-0.661939
0.873019
0.873019
-0.383314
-0.383314
0.443781
1.71393
0.343669
-0.978456
-0.978456
-0.512456
0.993487
0.397761
2.28982
2.28982
0.685699
1.79352
1.79352
1.79352
1.39154
1.66201
1.59142
0.929097
0.929097
2.50588
1.84723
1.84723
1.84723
1.84723
1.84723
1.43531
1.14427
1.14427
-0.650898
0.28555
-0.949493
-0.949493
0.671456
-1.2789
-1.2789
-1.2789
-0.935651
-0.935651
-0.513691
-2.14353
-2.22037
-2.22037
-2.22037
-2.22037
-0.895352
-0.895352
-0.895352
-0.895352
-0.304525
-0.304525
1.45779
-0.179639
-0.179639
-0.130696
-0.130696
-0.130696
-0.130696
-2.03127
-2.03127
-2.03127
-1.95188
-0.480248
-0.480248
-0.480248
1.27804
1.27804
-0.295583
-1.67199
-1.67199
0.286333
0.286333
-1.6685
-1.27622
-1.27622
-0.111986
0.363587
0.84302
0.84302
1.23234
1.23234
1.0004
-0.183156
-0.183156
-0.183156
0.741263
0.911827
0.911827
-1.02328
-0.861285
-0.784714
-1.02496
0.503245
0.503245
0.503245
-1.13861
0.515687
-1.30183
-0.285951
-0.669693
-0.669693
-0.669693
-0.744087
-0.744087
-0.744087
-1.26321
-0.759453
-1.46236
-1.46236
-1.46236
-1.46236
-1.46236
-2.98993
-2.98993
-2.98993
-2.98993
-2.98993
-2.98993
-2.98993
-2.98993
-2.98993
-2.22086
-2.22086
-1.24757
-1.24757
0.318266
0.318266
-0.825851
1.01402
1.01402
1.01402
1.01402
0.917362
0.917362
-0.647622
0.90768
0.90768
0.90768
0.90768
0.90768
0.90768
-1.0404
0.289925
0.289925
0.289925
0.289925
1.55224
1.55224
2.08691
2.05741
2.05741
2.05741
2.05741
2.05741
0.152405
0.152405
1.56112
1.56112
1.56112
1.56112
1.56112
1.56112
1.22556
1.70599
1.70599
1.70599
1.70599
-0.20015
1.68958
1.26144
1.26144
1.26144
1.26144
1.84755
1.84755
1.86905
1.86905
1.86905
1.86905
1.86905
2.37559
2.02834
1.40617
1.40617
1.53304
1.53304
2.06966
2.06966
2.58468
1.01304
-0.194523
-0.194523
-0.194523
-0.33937
0.85942
0.866698
0.722854
0.722854
2.18823
2.18823
2.18823
0.399415
2.22273
2.22273
2.22273
2.22273
1.2631
1.2631
1.2631
1.2631
1.2631
1.2631
1.2631
1.2631
1.2631
0.921262
1.83525
1.83525
2.06294
2.06294
2.06294
2.06294
0.221118
-0.13933
-0.13933
-1.19314
-1.19314
-1.19314
-1.1349
-1.41365
-1.41365
0.108331
-1.78093
-1.78093
-0.535651
-0.535651
-0.535651
-0.535651
0.33042
0.869721
0.83887
0.83887
0.83887
-0.108644
-2.03713
-2.03713
-2.15709
-0.189445
-1.56805
-1.99057
-1.99057
-2.25991
-2.25991
-1.02668
-1.16615
-1.16615
-1.7626
-1.85482
-1.85482
-1.85482
-1.85482
-1.96188
-0.506237
-0.506237
1.03665
1.03665
0.195998
-1.35357
-1.35357
-1.35357
-1.35357
-2.44277
-2.44277
-1.62201
-1.62201
-1.62201
0.21125
1.19528
0.765678
0.139175
2.12939
1.15857
0.777638
0.777638
0.747766
0.747766
1.18984
1.18984
1.898
1.89508
1.89508
2.7947
2.7947
2.7947
2.7947
2.08728
0.236037
0.236037
1.34303
1.34303
1.34303
2.47964
2.47964
2.47964
2.47964
2.47964
1.33545
1.33545
1.33198
0.766767
0.766767
0.766767
0.766767
0.766767
0.766767
0.766767
1.78894
1.78894
0.994813
0.994813
0.994813
0.994813
-0.161145
-0.161145
-0.161145
-0.161145
-0.161145
-0.192423
0.248332
1.01997
1.01997
0.573128
-0.544386
-0.859666
-1.06118
-1.06118
-1.06118
-2.37661
-2.37661
-1.01983
-1.58599
-0.756159
-0.756159
-0.756159
-0.756159
-0.756159
0.944038
0.944038
-0.928925
0.446814
1.6733
1.6733
-0.102708
-0.102708
-0.102708
-0.102708
-1.49081
-1.49081
-2.00133
-0.44801
-0.44801
-0.44801
0.513592
0.513592
0.625558
0.625558
0.625558
0.424594
0.424594
0.424594
-0.878484
-1.22175
-1.84435
-1.84435
-2.13294
-0.53524
-0.53524
0.375012
0.375012
0.935818
-0.372668
-0.372668
-0.730494
-0.730494
-1.2073
-0.974992
-1.15823
-1.15823
-1.19654
-2.5405
-1.80559
-1.80559
-0.472906
-0.472906
-0.354326
1.11361
1.10878
1.10878
2.45822
2.45822
0.56147
0.56147
0.56147
2.14594
0.527157
-0.843146
-0.200559
-0.844583
-0.844583
-1.07906
-1.16369
0.691007
-0.338117
-0.338117
0.890314
0.890314
0.166672
0.439584
2.06947
2.06947
2.06947
2.06947
2.06947
2.43645
0.445075
1.57282
1.57282
1.1683
-0.730975
-0.730975
-0.730975
-0.730975
-0.730975
-0.730975
0.367007
0.934326
0.248884
1.84422
1.84422
0.446112
1.19511
1.55352
1.55352
1.55352
1.55352
1.55352
0.806202
-0.616598
-0.811019
-0.957888
-1.75117
-0.798641
-0.520415
-1.18116
-0.245994
-0.245994
-0.245994
-0.245994
-1.66909
-0.83099
0.340875
0.340875
0.340875
0.340875
0.767523
-0.872315
-0.349874
-0.349874
-0.349874
-0.262551
-0.262551
0.427595
0.377893
1.75876
1.75876
1.75876
1.75876
1.75876
1.75876
1.75876
1.31845
1.31845
1.31845
-0.518769
-0.404015
-0.404015
1.06743
1.06743
1.06743
1.06743
1.25778
0.455784
0.455784
-0.40299
-0.554719
-0.571194
-0.571194
-1.01797
0.918333
2.34247
2.54468
2.54468
0.766314
2.01757
0.487145
-0.228019
-0.702881
-0.702881
-0.702881
-0.312981
-2.07118
-0.954454
0.883673
0.883673
0.883673
0.883673
0.883673
0.883673
1.00464
1.00464
1.00464
0.48034
-0.680926
-2.28354
-2.28354
-2.28354
-2.28354
-0.976858
-0.474645
-1.42778
-1.02882
0.305701
1.15509
-0.371778
1.46197
2.99118
2.99118
2.99118
1.94162
0.192559
0.192559
1.22998
1.06136
1.06136
1.06136
1.06136
1.72451
1.72451
2.23327
2.23327
2.23327
2.54122
2.54122
2.54122
2.54122
2.54122
2.12392
2.12392
0.7101
0.7101
0.7101
2.02884
2.02884
1.64729
1.64729
1.64729
0.770834
0.770834
0.770834
0.770834
0.770834
0.444355
0.393614
0.623157
0.623157
0.623157
0.623157
0.623157
0.623157
0.623157
-0.957148
-1.23124
0.175451
0.372156
0.372156
0.372156
0.372156
0.372156
0.372156
1.19529
1.19529
1.19529
1.19529
1.19529
-0.540646
-0.540646
-1.39422
-1.39422
-1.39422
-1.18311
-0.612046
-0.612046
-0.34802
-0.34802
-0.34802
1.28686
1.28686
1.28686
1.28686
-0.648513
-0.648513
-0.192248
-1.53093
-1.53093
-1.53093
-1.53093
-1.44096
0.342821
-0.445358
-0.445358
-0.445358
0.1987
0.1987
-1.46239
-1.16404
-1.97761
-0.294936
-0.449089
-0.449089
-0.123895
-0.123895
-1.10218
-1.10218
-1.10218
-1.10218
-1.10218
-0.779857
-0.779857
-0.779857
-0.656361
0.460662
0.560887
0.560887
1.29263
0.160826
0.766136
0.766136
0.632987
-1.28026
-0.936042
-0.267463
-1.71888
-2.04828
-2.04828
-0.436431
-0.436431
0.877405
0.877405
0.877405
0.877405
-0.20174
-1.05389
-1.05389
-1.05389
0.666154
0.666154
0.818343
0.818343
-0.760914
-0.137462
-1.91525
-1.4007
-1.4007
-1.4007
-0.774599
-0.774599
0.162154
0.162154
-0.970875
-0.970875
-0.970875
-0.970875
-0.970875
-0.970875
-0.970875
-0.970875
-0.970875
-0.970875
-1.4305
-1.4305
-1.4305
-1.39464
-0.408278
-0.426784
-0.426784
-0.426784
-0.426784
-0.426784
-0.426784
-0.426784
-0.426784
-1.71121
-0.486862
0.251279
0.251279
-0.342203
-0.640691
-0.640691
0.143665
-0.435032
-0.435032
-0.435032
-0.435032
-0.435032
-0.435032
0.242273
0.242273
-1.08166
-0.998948
-0.998948
-0.998948
0.317317
0.317317
-1.25015
-1.25015
-1.13415
-0.540978
0.569933
1.26716
1.26716
-0.709127
0.84958
0.84958
0.84958
0.84958
0.591789
0.591789
0.365385
0.365385
0.365385
0.365385
0.365385
0.365385
0.365385
-0.628509
-0.628509
0.670466
1.83633
1.83633
1.83633
1.83633
1.83633
2.07545
0.423726
0.423726
0.423726
-0.966544
0.263414
0.263414
0.263414
0.263414
0.263414
0.803374
0.796299
0.796299
0.796299
0.796299
0.796299
1.30427
0.216399
1.59799
1.59799
1.59799
1.59799
1.59799
1.59799
1.59799
1.59799
1.36006
-0.211809
0.464981
0.461479
0.461479
0.461479
0.814242
2.54434
2.54434
2.54434
1.08524
1.08524
1.08524
-0.340284
-0.531245
0.507655
0.507655
1.56905
2.35492
1.1787
-0.448599
-0.448599
-1.08139
-0.208318
-1.81193
-0.732325
-2.42875
-2.42875
-2.42875
-2.42875
-2.42875
-2.42875
-2.42875
-2.42875
-1.75638
-1.02449
-1.02449
-1.28223
-1.28223
-1.28223
-1.39224
-1.62228
-1.62228
-1.62228
-1.62228
-1.07479
0.656095
0.656095
0.656095
0.656095
-0.467005
-0.467005
-0.467005
-0.467005
-0.467005
0.459764
-1.20541
0.528936
0.528936
0.528936
0.528936
0.528936
-0.230789
1.55242
1.55242
1.55242
1.00713
2.80699
2.80699
2.80699
2.80699
2.80699
2.80699
1.48827
1.48827
1.48827
1.48827
1.48827
-0.369247
-2.18328
-1.24172
-1.51189
-0.604384
-1.23106
-1.55088
-0.940069
-0.940069
-1.22106
-2.16809
-2.16809
-0.687168
-0.639251
-0.639251
-1.87812
-1.87812
-1.87812
-1.91066
-0.945677
-2.28285
-2.28285
-1.72559
-1.72559
-1.72559
-0.587188
-0.587188
-0.587188
-0.587188
0.71131
0.71131
1.17742
1.96107
2.57106
0.761222
0.761222
1.26813
1.06851
1.06851
1.06851
1.06851
1.08924
1.67089
1.76191
1.76191
1.76191
1.02999
0.172972
1.64547
2.1387
0.467026
0.467026
0.844437
0.844437
0.844437
0.235534
-1.04518
-1.04518
-1.04518
-0.373252
-1.20625
-1.20625
-1.20625
-2.13813
-2.13813
-0.712378
-1.13773
-1.13773
0.784629
0.784629
0.784629
-0.893707
-0.906649
-0.906649
-0.390392
-1.54975
-1.0186
-0.823072
-0.823072
-1.20218
-1.31757
-2.15267
-2.15267
-2.31952
-1.08818
-0.738083
-0.340015
0.867031
0.999137
0.196988
-1.53799
-1.53799
-0.16572
-0.941719
-0.941719
-0.941719
-0.399527
-0.285861
-1.25279
-1.25279
-1.10743
-1.10743
0.685711
0.0902397
0.0902397
1.60732
0.795273
0.795273
0.795273
0.795273
1.45428
1.67722
1.24953
1.24953
1.24953
1.24953
0.801117
-0.557478
-0.557478
-1.50709
-1.50709
-0.797388
-0.797388
-0.797388
-0.797388
-0.797388
-1.02461
-1.02461
-1.8153
-0.381424
0.436368
-0.876731
-0.807597
0.577034
-0.19411
-0.19411
-0.19411
-0.19411
-1.57805
-1.57805
-1.6678
-0.502066
0.50655
-0.940505
-0.940505
-0.940505
-0.940505
-0.940505
-0.940505
-0.940505
-1.89258
-2.1038
-2.1038
-2.1038
-1.31004
-1.31004
-1.31004
-1.31004
-0.733336
-0.733336
-2.12695
-2.12695
-0.218134
1.21808
1.21808
1.21808
1.21808
1.21808
1.21808
1.21808
1.21808
1.21808
1.21808
1.21808
1.35315
1.35315
1.35315
1.35315
1.35315
1.35315
1.35315
-0.112021
0.58194
1.56785
1.56785
-0.228377
-1.82489
-1.82489
-1.82489
-1.82489
-1.74297
-1.74297
-1.74297
-1.74297
-1.74297
-1.74297
-1.74297
-2.53139
-2.53139
-0.740095
-0.740095
0.333625
0.333625
-0.455019
-0.455019
-0.455019
-0.455019
-1.42583
-1.42583
-1.42583
0.376138
0.376138
-0.778956
-2.07599
-2.07599
-2.07599
-0.960929
0.714433
-0.493384
-2.28526
-2.28526
-0.685136
-0.685136
-0.685136
-1.62926
-0.608837
0.907822
1.96375
0.648701
0.455874
1.27846
0.244684
0.637938
0.36418
-0.806672
-1.14825
-0.742256
-0.742256
-1.51726
-1.51726
-1.51726
-1.51726
-0.827625
-0.827625
-0.827625
-0.971552
-0.971552
-0.971552
-0.586783
-0.586783
0.236518
0.236518
-1.53996
-1.53996
-1.53996
-1.53996
-1.60101
-1.60101
-1.60101
-1.60101
-0.961138
-0.961138
0.33575
-0.758571
-0.758571
-2.30183
-2.30183
-2.30183
-2.30183
-2.30183
-2.30183
-2.30183
-1.67543
-1.67543
-1.85104
-1.85104
-0.238835
-0.238835
-0.238835
-0.238835
-0.238835
-0.483355
-1.35619
-1.35619
-1.55683
-0.87521
-0.87521
-0.980331
-0.116175
0.734104
0.734104
0.60931
0.595751
0.780343
-0.866028
-0.866028
-0.866028
-1.58725
-1.58725
-1.59582
-1.3575
-1.68373
-1.96744
-1.14698
-0.772922
-0.772922
-0.772922
-0.772922
-0.560169
1.21221
1.48607
0.45442
0.218949
0.218949
0.569172
0.569172
0.897557
-0.897353
-0.894626
-2.79316
-2.79316
-1.11953
-1.11953
-1.11953
-1.11953
0.607267
0.607267
0.607267
0.607267
0.607267
0.403639
0.403639
0.403639
0.403639
0.403639
0.403639
0.403639
0.403639
0.595852
0.664261
0.664261
1.72744
1.72744
0.436042
1.54382
1.54382
0.72944
0.72944
0.72944
0.551004
0.551004
0.551004
0.863587
0.863587
0.863587
-0.203805
-0.203805
0.342551
0.342551
1.28402
1.28402
1.28402
1.28402
0.95523
0.95523
-0.395023
-0.395023
1.3775
1.3775
1.18874
1.18874
1.18874
0.339226
0.339226
-0.987966
0.32709
0.32709
0.609063
-1.20603
-1.33524
-1.33524
-2.04328
-1.21317
-0.14861
-0.787195
-0.787195
-0.787195
-0.787195
0.99561
0.99561
-0.552874
-0.719735
1.16199
1.16199
0.756528
1.23118
1.13087
1.13087
2.84042
2.84042
2.84042
2.02886
2.02886
2.02886
2.02886
0.405902
0.405902
-1.44747
-1.15732
-1.15732
-1.15732
-1.15732
-1.15732
-1.15732
-0.970373
-2.06518
-2.06518
-2.06518
-2.06518
-1.65922
-1.65922
-0.148251
-1.14892
-2.2474
-0.814671
-0.814671
0.330814
0.330814
0.571751
1.80396
1.80396
1.80396
-0.149834
-0.985619
-0.985619
-0.985619
-0.985619
-1.27543
-0.959884
0.687049
0.687049
0.699162
0.212069
1.60521
0.194872
-1.39086
-1.39086
-1.39086
-0.189793
-0.189793
-0.189793
-0.189793
-0.189793
-1.178
-1.178
-1.178
-1.05424
-1.28601
-1.28601
-0.258492
0.615645
0.827205
0.827205
0.827205
-0.262288
-0.441248
-0.441248
-2.18765
-1.83686
-0.362414
-0.362414
-0.362414
1.28428
0.873492
0.873492
0.782736
1.68697
1.68697
1.58338
0.37549
0.65469
0.65469
0.65469
0.65469
0.65469
0.65469
0.65469
2.14362
2.14362
2.14362
2.02747
2.02747
2.02747
0.584431
-0.926784
-0.926784
-0.382684
-0.382684
-0.382684
-0.382684
-0.382684
-0.813856
0.949689
0.218092
0.218092
0.218092
1.19932
1.29175
1.29175
0.915876
0.895391
0.895391
1.64087
1.13606
1.38185
1.38185
0.758197
0.758197
0.758197
0.758197
0.758197
0.758197
-0.347606
1.48395
2.11078
2.11078
2.11078
2.93166
2.93166
2.93166
2.19293
2.19293
1.20443
-0.574023
-0.562841
0.715472
0.81316
0.161685
0.161685
1.73481
1.73481
1.52255
1.52255
0.567982
0.567982
0.567982
1.57405
0.660186
0.607617
1.06939
1.06939
0.817566
0.817566
0.687836
0.687836
0.687836
1.13435
0.197198
-1.61091
-0.878984
-0.878984
-2.11711
-2.11711
-2.11711
-1.89804
-1.89804
-1.89804
-1.89804
-1.89804
-1.89804
-1.72313
-1.72313
-1.91411
-2.23306
-0.612096
0.578579
0.317971
0.650846
0.618212
0.386693
0.386693
0.747748
0.814114
-0.241154
-1.29336
0.574154
0.169423
0.169423
-0.947762
-0.947762
-1.22098
-1.22098
0.26782
-1.15852
0.297722
-1.5124
-0.345345
-1.8439
-0.753299
-0.753299
-0.886882
0.880921
0.880921
0.880921
0.545154
0.545154
0.545154
1.50409
1.50409
0.392143
-0.411662
-0.411662
-0.411662
1.36385
1.46801
0.705505
-0.565432
0.40601
-0.274917
0.697237
2.01242
2.01242
0.683383
0.683383
0.591054
0.591054
1.72553
1.72553
1.80421
1.97438
1.48917
1.48917
0.206413
0.191947
-0.714505
-0.321298
-0.321298
1.09779
-0.859199
-0.859199
-0.859199
0.979114
0.415764
-0.49067
-0.49067
-0.909532
-0.242596
-0.242596
-0.303689
0.168715
-0.858399
-0.858399
0.417662
-0.447749
-0.447749
-0.447749
-0.447749
-1.41351
0.151233
1.51746
1.51746
1.51746
1.51746
1.51746
1.51746
0.566125
0.888953
0.683863
2.14499
2.14499
0.224846
-0.21528
-0.486064
-0.486064
-1.46232
-1.51087
-1.1286
-1.1286
-0.687196
-1.6036
-1.6036
-0.135051
-0.135051
-0.707675
-1.68524
-1.68524
-1.68524
-1.68524
-2.10534
-0.337432
-0.337432
-0.337432
-1.5137
-0.162072
-0.162072
-0.162072
-0.162072
0.748244
0.748244
0.748244
0.748244
0.748244
0.748244
0.748244
1.8228
1.8228
1.8228
1.17057
-0.808428
-0.808428
0.901019
1.05267
1.05267
-0.862996
-1.50732
-1.73876
-1.60017
-1.60017
-1.60017
-1.60017
-1.60017
-1.60017
-0.499591
1.13754
0.523346
-0.496782
-0.496782
-0.496782
-0.496782
-0.496782
-0.496782
-0.496782
-0.496782
1.47053
0.709956
0.709956
0.709956
0.709956
1.19112
1.19112
1.19112
-0.516672
0.811258
1.84754
1.84754
1.84754
1.84754
1.84754
1.84754
0.660495
0.660495
2.30801
1.32924
0.895089
0.866656
0.866656
0.866656
0.866656
0.866656
0.362345
0.362345
0.362345
1.39878
1.39878
1.39878
1.39878
0.572514
1.91261
1.08001
1.08001
1.21356
0.71275
-0.78168
-0.78168
0.207961
-0.73728
-0.73728
0.534094
0.655708
0.655708
0.655708
0.655708
0.852452
0.852452
1.16933
1.68358
0.323186
0.323186
0.616005
0.616005
-0.955983
-0.955983
-0.955983
-1.51667
-1.51667
-0.644733
-1.39598
-1.39598
-1.39598
-1.39598
-1.39598
-1.39598
0.596125
1.36177
1.36177
1.36177
1.36177
1.885
1.885
0.387059
1.91702
1.91702
0.909063
0.909063
-0.644079
1.33937
1.33937
2.08524
2.08524
2.08524
2.4694
2.44088
1.65011
1.30425
1.30425
1.30425
1.30425
0.703535
0.703535
1.59325
0.443749
0.699513
0.699513
1.65386
1.04395
0.367132
0.424926
0.616475
0.544767
0.60012
0.60012
0.60012
0.60012
0.60012
0.60012
2.0465
2.0465
0.405608
-0.125262
-0.802716
-0.802716
-1.56318
-1.56318
0.203214
0.203214
1.20554
0.582902
0.582902
0.582902
0.582902
-0.169604
-0.169604
-0.770556
-0.770556
-0.518966
-0.518966
0.618981
-0.819988
-0.819988
-0.819988
0.236904
0.236904
0.311302
0.184765
-0.677831
-0.677831
-0.677831
-0.677831
1.28987
1.25935
1.53103
0.470588
0.470588
0.470588
0.470588
0.470588
2.18976
0.397714
0.397714
0.381479
0.381479
-1.46848
-1.46848
-1.46848
-1.46848
-0.32344
-0.32344
-0.32344
-0.32344
-0.32344
-0.32344
-1.92262
-0.499855
-0.54949
-0.54949
-0.54949
-1.12855
-0.692166
-0.789295
-0.588108
0.65478
0.65478
0.65478
0.65478
-0.644984
-0.644984
-0.644984
-0.892228
-0.892228
-0.951679
-0.951679
-0.951679
-0.951679
-0.951679
-2.03122
-2.03122
-2.03122
-2.03122
-2.14512
-1.90592
-0.521535
-1.75107
-1.75107
-1.42057
-1.42057
-1.42057
-0.781006
-0.781006
-0.781006
-0.781006
-0.781006
-0.781006
-0.781006
-1.17854
0.687574
-0.649319
-0.466075
0.946276
0.36779
0.36779
0.36779
0.36779
0.735478
0.735478
0.735478
0.735478
0.735478
0.737898
0.388437
0.388437
-1.52455
-1.52455
-1.52455
-0.320115
-1.02036
-0.747372
0.951209
2.05248
2.05248
0.913204
0.913204
1.98658
1.98658
1.98658
1.17948
1.17948
1.17948
1.17948
1.17948
1.17948
-0.729489
0.759215
0.759215
0.829845
0.829845
0.829845
0.428575
0.926362
0.53001
0.53001
1.16092
1.72576
1.72576
1.72576
1.72576
1.72576
2.59561
1.34031
-0.635039
-0.853048
-0.853048
-0.544093
1.11043
0.616039
0.49821
0.49821
0.49821
1.64811
0.27652
-1.16396
0.338875
0.338875
-0.308369
-1.35637
-1.35637
-1.35637
-2.61747
-2.61747
-2.61747
-2.22457
-2.17755
-2.17755
-2.17755
-2.17755
-0.547213
-0.469182
-0.469182
1.49648
0.357989
-1.3026
-1.14162
-1.65284
-1.65284
-1.65284
0.338122
0.338122
0.338122
0.338122
-1.37493
-1.37493
-0.274308
-1.73662
-1.73662
-1.30816
-0.474583
-0.217427
-0.217427
0.397333
-0.273241
-0.273241
1.65256
1.65256
1.65256
1.65256
1.70753
1.70753
1.70753
1.70753
0.530261
0.530261
0.816604
0.816604
1.29105
1.29105
1.34388
1.34388
1.34388
1.56499
1.56499
1.56499
1.56499
0.519531
0.519531
1.16032
1.16032
0.522171
0.163242
-0.110439
1.3572
0.614717
0.357612
-1.2796
-1.2796
-0.880668
-0.55993
-0.55993
-0.55993
1.43028
1.43028
1.43028
0.333684
1.50045
1.50045
0.61954
-0.133974
-1.36644
-1.36644
-0.68375
-0.68375
-0.68375
-0.68375
-1.04405
-1.04405
-0.806013
-1.24769
-0.475288
0.952048
-0.640154
-1.16605
-1.16605
-0.34925
-0.34925
-0.168997
-0.168997
-0.168997
1.63408
1.63408
1.65485
2.59981
2.59981
2.59981
1.30524
1.30524
-0.281152
1.1125
1.1125
0.140325
-0.581478
-0.581478
-0.1324
0.162312
-1.20727
-1.20727
-1.20727
-1.20727
-1.20727
-1.20727
0.322794
1.63336
1.72163
0.486332
-1.37059
0.548456
0.548456
0.548456
0.548456
0.548456
0.548456
0.592162
0.592162
0.428275
0.428275
0.428275
0.428275
0.309002
0.309002
0.309002
1.54487
-0.18067
-0.18067
-0.18067
0.646125
0.887461
-0.301236
-0.301236
-1.66464
-1.66464
-0.651596
-0.246403
-1.48669
-1.48669
-1.48669
-1.48669
-1.0741
-1.03344
0.480625
0.480625
0.480625
1.77298
1.77298
1.77298
1.77298
1.77298
1.77298
1.77298
1.52581
1.52581
0.734979
0.734979
-0.355573
-0.355573
-0.355573
-1.4299
-0.124467
-1.55433
-1.21342
-0.627649
-1.18933
-0.259881
-0.348778
-0.348778
-0.348778
-0.348778
-1.42041
-1.42041
-1.3919
-1.3919
-0.718098
-0.265756
-0.265756
0.208149
0.208149
0.208149
1.0138
1.0138
1.0138
1.0138
1.0138
1.0138
0.814718
0.814718
0.350306
0.350306
-0.334701
0.921886
-0.431119
1.06473
1.06473
0.127258
-0.422229
0.4332
-1.22636
-1.22636
-1.22636
0.348282
0.348282
-1.09885
-1.49251
-1.49251
-0.834676
-0.834676
0.699588
1.25288
1.25288
1.34042
1.34042
1.55143
1.55143
0.394949
1.35629
1.22947
1.22947
1.22947
1.22947
-0.594538
-0.594538
0.969859
-0.832037
-2.38944
-0.822409
-0.397385
-0.397385
-0.674786
-0.674786
-0.674786
-0.674786
-0.674786
-0.674786
-0.674786
-0.674786
-0.674786
0.412629
-0.834916
-0.834916
-0.834916
-0.834916
-0.834916
0.33405
0.33405
0.33405
-1.2857
-1.2857
0.618433
0.201635
0.201635
-0.59507
-0.59507
-0.59507
0.85756
0.653615
1.7749
0.110124
0.110124
1.44483
1.44483
1.60826
1.60826
1.60826
-0.311102
0.998999
0.998999
1.67949
1.67949
0.581677
0.581677
-0.162383
-1.35232
-1.35232
-0.514653
-0.649953
-0.649953
0.153623
1.2099
1.2099
1.78076
1.78076
1.78076
1.78076
1.78076
1.74654
1.74654
1.74654
1.74654
0.306437
1.53913
1.11258
-0.295477
-0.295477
0.736492
0.736492
-0.311724
-1.0287
-1.16049
-1.16049
-0.724628
1.01223
1.01223
0.498556
0.54611
-0.473683
0.662762
0.986989
-0.695561
-0.834636
0.806248
0.898214
1.08877
0.95196
2.07191
1.95235
1.95235
1.95235
1.95235
0.479524
1.36458
1.36458
-0.222763
-1.78739
-0.216368
-0.216368
-0.216368
0.536503
1.48372
1.48372
0.750792
0.6128
0.6128
0.6128
0.6128
1.232
-0.185106
-0.185106
-1.73869
-0.994275
-0.994275
0.541074
0.541074
0.541074
0.541074
0.541074
-0.154669
-0.154669
-0.154669
-0.154669
-0.386898
0.867842
0.867842
0.867842
1.30258
1.85122
1.85122
0.344752
0.344752
-1.07107
0.824406
-1.12588
0.18078
1.35414
1.60945
1.25604
1.788
0.360455
0.411157
-0.734623
-0.734623
-0.734623
-0.734623
-0.734623
-0.734623
-0.734623
0.407248
1.67438
1.67438
1.67438
0.459662
0.459662
0.459662
-0.354153
1.0154
1.77973
1.61811
0.27689
0.27689
0.27689
0.27689
1.34509
1.34509
1.34509
1.34509
-0.236662
-0.63879
1.03052
1.03052
1.03052
2.04414
2.04414
2.04414
2.0124
2.0124
1.41247
1.41247
0.550639
0.670211
0.670211
0.670211
0.97639
1.8684
0.859386
0.859386
0.842785
1.10635
1.10635
1.10635
1.10635
1.10635
-0.247386
-0.247386
0.957826
-0.491039
-0.491039
-0.491039
-1.08932
0.294734
-1.43834
-1.43834
-0.578413
-0.578413
-0.578413
-0.578413
-0.578413
-0.578413
-0.578413
-1.06583
-1.06583
-1.06583
-1.04044
-1.04044
-1.04044
-1.04044
-1.04044
-1.04044
-1.04044
-1.09176
-1.16956
-1.16956
-0.631052
0.749692
0.749692
0.749692
-0.805736
1.13951
-0.336676
-1.53363
-1.25951
-0.753395
-1.02201
-2.13883
-2.13883
-1.79656
-1.79656
-1.79656
-1.79656
-1.91882
-0.231894
1.03422
1.61308
2.39987
2.43348
2.43348
2.43348
1.84412
1.84412
1.84412
1.84412
1.84412
1.84412
0.970253
0.970253
0.970253
0.970253
1.86465
0.635072
-0.247655
-0.247655
-1.98349
-1.98349
-1.98349
-1.98349
-1.98349
-1.98349
-1.23551
-0.475147
-0.475147
0.367045
1.03056
-0.56891
-0.56891
1.38164
1.38164
1.38164
1.19757
0.887194
-0.162397
-0.162397
0.823878
0.823878
-0.411666
-0.411666
-0.411666
-0.309061
-0.309061
-0.512363
-1.15301
-1.15301
-1.15301
0.222756
-0.847588
-1.2183
-1.2183
-0.136231
1.15408
-0.765893
-0.382323
1.52433
1.52433
1.52433
1.52433
1.20856
2.90955
0.984898
0.984898
-0.937606
-0.937606
-0.937606
-0.937606
-0.937606
-0.937606
-0.937606
0.179541
0.179541
0.41444
0.41444
0.41444
0.41444
-0.60006
0.362379
-0.201136
1.5741
1.5741
1.5741
-0.290239
0.607948
-1.31032
-1.31032
-1.31032
-0.697733
-0.857081
-0.857081
-1.32069
-1.32069
0.340782
0.340782
0.658421
0.658421
0.658421
0.658421
0.658421
0.658421
0.658421
0.658421
-0.638028
-0.638028
0.77775
0.518533
0.518533
-0.44869
-0.493392
-0.493392
-0.493392
-0.493392
0.35032
0.35032
2.01518
1.5533
1.22536
1.22536
1.22536
1.22536
0.136509
-1.25775
-1.25775
-1.25775
-1.54078
-0.576115
1.40594
1.40594
1.40594
1.40594
0.937194
2.0409
2.0409
2.0409
2.0409
2.0409
2.0409
0.447408
0.447408
0.447408
0.447408
-1.54001
-1.54001
0.135722
-1.1181
-1.1181
-0.741406
-0.741406
0.289795
-1.16583
-1.55554
-1.55554
-1.55554
-1.55554
-1.55554
-1.54121
-1.7772
-0.76151
-0.76151
-0.697082
-0.697082
-0.126145
0.400188
0.400188
-1.43034
-1.43034
-1.43034
-1.65025
-1.2996
-1.2996
-1.2996
-1.33799
-1.33799
-1.33799
0.509352
0.509352
0.509352
-0.777639
-0.86126
-0.327676
1.17677
-0.656588
-0.656588
0.111731
-0.537678
-0.537678
-0.537678
-0.750655
-2.0411
-2.0411
-0.635524
-0.635524
-0.17394
0.170412
0.170412
-0.116704
-0.484411
-1.96018
-1.96018
-1.96018
-1.96018
-1.96018
-1.96018
-0.589123
-0.589123
1.35392
1.63816
-0.122866
0.418721
0.418721
0.418721
1.24754
1.04952
0.937632
0.405787
-0.722649
-0.722649
-0.722649
-2.11773
-2.11773
-1.64934
-1.64934
-1.50756
-1.50756
-0.419175
-0.320786
0.279604
-0.791663
-1.80868
-1.80868
-0.727623
-1.99141
-2.1174
-2.30773
-1.28982
-1.28982
0.67833
-0.66183
-0.66183
-1.55351
-0.73493
-1.96561
-1.96561
-1.29114
-0.771541
0.83226
1.39207
1.39207
1.83846
1.83846
1.83846
1.04535
-0.463071
-0.463071
-0.463071
-0.632174
0.771215
1.55038
1.55038
1.55038
1.55038
1.55038
0.800904
1.10022
1.10022
1.10022
0.690228
-0.657831
-1.97307
-1.97307
-0.215664
-0.215664
1.09848
1.79275
1.12395
1.12395
1.12395
1.12395
0.342558
-0.889534
-0.889534
-0.889534
-0.889534
-0.176051
-0.176051
-0.176051
-0.176051
-2.05501
-2.05501
-1.30698
-1.30698
-1.30698
-0.196395
-1.50307
-0.697907
-2.2354
-1.32449
-0.691665
-0.691665
0.150212
1.07117
1.07117
-0.233203
-0.233203
-0.233203
-0.233203
-0.233203
1.06023
1.93009
1.52846
1.52846
1.80835
1.38014
0.519601
1.04341
0.618725
0.32587
0.32587
-0.648788
0.686563
0.360171
-1.21394
-1.21394
-1.21394
0.248369
-1.29992
-1.29992
-0.630586
-0.630586
-0.630586
-0.630586
0.451283
0.451283
1.39232
1.39232
1.03551
1.03551
0.681786
-1.2216
-1.65064
-1.65064
-0.780483
-0.780483
-1.11651
-2.30255
-2.30255
-2.30255
-2.55656
-2.55656
-2.55656
-2.55656
-2.55656
-1.37894
-1.37894
-0.288022
-0.598127
-0.598127
-0.928058
-0.928058
-1.80727
-1.80727
-1.80727
-1.80727
-1.80727
-1.80727
-1.80727
-1.80727
-1.80727
-1.80727
-1.80727
-1.80727
-1.8028
-1.8028
-1.49378
-1.49378
-1.49378
-1.49378
-1.49378
-1.53833
-1.53833
-1.53833
-1.53833
-1.26385
-0.203561
-2.01491
-2.01491
-0.67813
-1.83448
-1.83448
-0.497792
-0.497792
-0.497792
-0.497792
-0.497792
0.835739
1.04465
0.40504
0.591973
0.591973
0.591973
0.591973
-1.14247
-1.14247
-1.1102
-0.675556
-0.675556
-0.675556
-0.675556
-0.779636
-2.00228
-2.00228
-2.00228
-0.936607
0.468744
0.468744
0.468744
2.13822
2.13822
1.21472
-0.494476
-0.553512
-0.815384
-0.815384
-1.07376
-0.553269
0.711641
0.711641
0.711641
0.711641
1.3174
1.3174
-0.24758
-1.45291
-0.876808
-0.473128
-0.473128
-0.473128
-0.473128
-0.739221
-0.739221
-1.99113
-1.99113
-1.99113
-1.99113
-0.334632
-0.334632
-1.11847
-0.686647
-0.686647
-0.686647
-0.936893
-0.936893
0.43448
1.26846
1.26846
1.26846
2.0032
0.708545
0.708545
0.708545
0.708545
-0.137217
-0.538695
-0.895769
-0.895769
-0.895769
1.04455
-0.254767
-0.254767
-0.308648
0.957866
0.957866
-0.31203
-0.31203
0.532959
0.28814
0.28814
-0.48237
-1.86732
-1.86732
-0.336703
-0.120871
-1.16495
-1.16495
-1.16495
-1.16495
-1.6627
-1.6627
-1.05739
-1.05739
-1.7836
-1.29626
-1.29626
0.575167
1.38897
2.28584
0.807646
-0.487203
-0.487203
-1.59352
-1.59352
-1.59352
-1.66063
-1.14602
-1.14602
0.595954
0.44802
-1.1974
-1.63563
-1.63563
-1.63563
-1.63563
-0.218999
-1.09387
-0.410121
1.13249
-0.39173
-0.674583
-0.674583
-0.662928
-0.662928
-0.662928
-0.662928
-0.662928
-0.794684
-1.34243
-1.34243
-1.34243
-1.34243
-1.34243
-1.34243
-1.52209
-1.52209
-1.52209
-1.52209
-0.774593
-0.774593
1.04022
0.149542
0.584288
0.584288
-0.911904
-1.30866
-1.30866
0.508882
-1.32702
-1.32702
-1.32702
-1.32702
-1.32702
0.43388
0.348959
0.348959
0.348959
0.348959
0.348959
0.377945
-1.1951
-1.1951
-1.1951
-1.96976
-2.0855
-0.233666
-0.534929
-0.534929
-0.534929
-0.534929
0.369574
1.65663
1.65663
1.65663
1.65663
1.72828
2.0041
2.0041
2.0041
2.0041
2.0041
2.0041
2.0041
2.0041
2.0041
2.0041
0.684795
-0.329573
-1.67794
-1.67794
-1.67794
-1.67794
-1.67794
-1.67794
-0.837952
0.496726
0.496726
0.496726
0.496726
0.496726
1.24692
1.24692
0.647652
1.2799
0.626182
0.708766
-0.729879
-0.729879
-0.729879
-0.729879
-0.729879
-0.293711
-0.293711
1.13177
-0.26628
-0.17817
0.155152
0.38663
2.12637
2.12637
2.12637
0.309331
-1.29302
-1.29302
-1.20458
-1.20458
-1.20458
-1.20458
-1.20458
0.643402
0.643402
-1.2913
-1.2913
-0.201612
-0.201612
-1.54292
0.341769
-0.792658
0.101304
0.299184
-1.26119
-1.26119
-0.524406
0.632138
-0.928063
-0.928063
-2.26194
-2.09919
-0.818629
-2.63551
-2.63551
-2.63551
-1.1757
-1.1757
-1.69602
-1.02564
0.914152
0.914152
1.35115
-0.364214
-0.364214
-0.364214
-0.364214
-0.364214
0.514799
0.514799
0.514799
0.514799
0.144828
0.144828
0.881017
-1.0189
-2.13566
-2.13566
-0.702466
-2.02163
-0.838186
-0.815708
-0.815708
-0.186269
1.46473
1.46473
0.395151
0.395151
1.6096
1.6096
1.3073
1.3073
1.3073
0.256917
1.31762
1.31762
1.31762
1.31762
2.33329
2.33329
2.33329
2.33329
2.47333
2.47333
2.47333
1.69633
0.205381
0.205381
-1.40051
0.563593
0.343472
0.343472
1.16283
-0.564229
0.255991
0.255991
0.255991
-0.306254
1.23523
1.23523
1.23523
0.711798
2.12093
1.59959
1.59959
1.10836
1.64131
1.64131
1.64131
1.64131
0.888445
0.888445
0.943196
0.943196
-0.545529
0.389872
0.389872
1.4114
1.4114
1.4114
1.4114
2.80463
2.80463
2.80463
2.80463
1.0348
1.0348
1.3757
0.141764
0.59615
0.59615
0.936566
0.936566
0.936566
0.936566
0.936566
0.958832
0.958832
0.958832
0.958832
0.989594
0.989594
2.80867
2.80867
1.24524
1.24524
1.10713
1.876
1.26169
1.26169
1.26169
1.26169
1.26169
0.722179
0.722179
0.722179
0.722179
1.74085
1.94671
1.94671
1.23338
1.23338
1.23338
2.11573
2.11573
2.11573
2.11573
1.42714
1.42714
1.42714
-0.292965
-0.292965
-0.292965
-0.705666
-0.705666
-0.515215
0.745564
1.6428
1.6428
1.6428
1.85405
0.359574
-1.4588
-1.4588
-1.4588
-1.18314
-1.18314
0.219265
0.219265
0.219265
0.219265
0.219265
-1.78002
-0.998053
-0.998053
-0.368326
-0.368326
0.997299
0.997299
-0.475159
-1.79324
-1.79324
-1.79324
-1.79324
-1.79324
-1.51349
-1.51349
-1.51349
-1.51349
-1.33624
-1.56576
-1.56576
-1.56576
-0.405178
-0.730734
-0.730734
0.938734
0.938734
0.938734
-0.72448
-0.569141
-1.37287
-0.448081
-0.448081
-0.448081
0.268824
0.268824
0.481939
0.481939
0.42132
0.42132
0.376011
0.376011
0.871924
1.33911
0.472056
0.472056
0.472056
0.357916
1.11065
0.631002
0.948684
0.936327
0.936327
0.936327
0.936327
0.936327
0.936327
0.750952
0.750952
0.750952
1.01283
2.26936
2.26936
2.26936
2.16075
0.313332
0.738449
0.738449
0.738449
-0.682955
-0.682955
-0.682955
-0.682955
1.02359
1.02359
1.02359
1.02359
0.751788
-0.894714
-2.05108
-2.05108
-0.425146
-0.425146
-0.425146
-0.425146
-0.425146
-0.425146
-1.15374
-1.15374
-1.5748
-1.87081
-1.87081
-0.657663
-0.25423
-0.25423
-0.25423
-0.25423
-0.25423
-0.25423
-0.571827
-0.229944
-0.229944
0.759198
0.759198
0.427647
0.992309
0.670532
0.670532
1.40074
1.40074
1.95668
1.95668
1.95668
1.95668
1.95668
1.95668
1.15667
1.15667
2.52806
2.52806
2.52806
2.53411
1.55564
1.55564
0.146296
-1.60364
-1.60364
-1.60364
-1.60364
-1.60364
0.214616
0.214616
2.10309
2.10309
2.10309
2.10309
2.1121
2.1121
2.1121
2.1121
2.1121
2.1121
2.1121
2.1121
2.1121
1.66613
0.77981
1.8085
1.20968
0.546649
0.546649
-0.306255
1.46483
1.46483
1.46483
0.669938
0.669938
0.669938
0.669938
0.669938
0.669938
0.669938
0.948735
0.948735
0.948735
0.920372
2.2903
0.5061
0.5061
0.754993
0.667617
1.25244
1.25244
1.32963
1.32963
0.185844
1.24239
1.24239
-0.638525
-0.638525
-0.922762
-0.922762
-2.26623
-0.445223
1.34527
1.34527
-0.272459
-0.610548
-0.610548
0.824903
0.824903
0.824903
0.824903
0.824903
0.637266
1.36109
-0.100388
-0.585381
-0.585381
-1.27239
-1.27239
-1.27239
-0.973874
-0.973874
-0.566571
-0.566571
1.41161
1.41161
1.11664
-0.650676
-0.650676
-0.650676
-0.650676
-2.05746
-2.05746
-2.05746
-2.05746
-0.577306
-0.577306
-1.02207
-0.839649
-2.04765
-2.04765
-0.945797
0.270436
0.658553
0.658553
-0.120709
-0.724301
-1.71867
0.193646
1.97176
1.97176
1.97176
1.97176
1.97176
0.384935
-0.599466
-0.599466
0.988479
0.988479
0.988479
0.854294
-0.863723
-0.863723
-0.863723
0.182891
-0.472257
-0.472257
-0.472257
-1.62078
-0.478684
-0.909372
-0.909372
-0.909372
0.922106
0.134208
0.689493
0.689493
0.689493
2.45428
1.00929
-0.284521
-1.45265
-0.871626
-0.871626
-0.871626
-0.871626
-0.871626
1.07179
0.688704
0.688704
1.54451
1.54451
0.653982
-0.579799
-0.579799
-0.579799
-0.420929
-0.462043
-0.497053
-0.497053
-1.07415
-1.07415
-1.07415
-0.955403
-0.955403
-2.06365
-1.2598
-1.2598
-1.2598
-0.553063
-0.553063
-0.553063
-1.1911
-0.593479
-0.593479
-0.593479
-0.593479
-0.593479
-1.12036
-1.12036
0.339058
0.643157
0.643157
0.643157
1.72588
0.213813
0.297836
0.297836
0.297836
1.03888
1.03888
-0.647372
0.297823
1.56487
1.56487
1.56487
1.56487
0.410734
0.842637
0.930246
0.930246
-0.263788
-0.509583
-0.509583
-0.509583
1.47632
1.47632
1.47632
1.07587
0.350852
-0.488674
-1.64817
-1.9438
-1.9438
-1.9438
-1.9438
-1.9438
-1.88034
-1.88034
-1.88034
-1.88034
-0.383265
-0.383265
-1.10409
-0.980445
-0.980445
-1.51166
-2.7506
-0.979799
-0.979799
-0.979799
-1.00469
-1.00469
-1.00469
-1.00469
0.488326
0.488326
1.91102
1.91102
1.91102
1.32327
1.32327
1.32327
1.71633
0.177575
0.177575
1.39621
-0.360568
0.300468
0.880582
-0.836485
-0.836485
-0.836485
-0.107793
0.829122
0.120548
1.91482
1.80037
1.4278
1.4733
1.4733
-0.424615
-1.04187
-1.15848
0.507454
0.615385
0.468068
-0.316961
1.48676
1.48676
1.48676
1.48676
1.48676
1.48676
1.67647
1.08319
1.65384
2.10143
2.10143
0.902631
1.30999
0.513233
0.513233
0.702233
0.390924
0.390924
-1.39525
-1.39525
-1.39525
-1.39525
-1.39525
-1.39525
-1.39525
-1.39525
-1.39525
-1.39525
-2.09272
-2.09272
-2.09272
-0.494132
-0.343768
-0.343768
-0.343768
-1.43299
-1.43299
-1.43299
0.564078
0.16894
-0.66897
-1.72956
-1.72956
-2.16775
-2.16775
-2.16775
-1.03238
-1.03238
-1.03238
-1.03238
-1.17484
-1.17484
-1.17484
-1.17484
-1.17484
-1.17484
-0.24632
-0.274332
-0.274332
-1.34553
-1.26161
-1.92828
-0.574127
-0.574127
-0.574127
1.3603
-0.201016
-0.201016
0.298856
-0.888352
-0.888352
-0.560738
-2.06758
-2.06758
-2.06758
-2.06758
-0.820361
-0.820361
-0.820361
0.859335
0.859335
0.859335
-0.576861
-2.26821
-1.53955
-1.53955
-1.53955
-1.53955
-0.154559
-1.08624
-1.08624
-0.598147
-0.598147
-0.598147
-0.462888
-0.462888
-1.99306
-1.99306
-1.99306
-1.99306
-1.99306
-0.731299
1.09335
-0.871074
-0.801223
-0.964033
-0.964033
-1.40672
-1.75775
-1.84521
-1.84521
-1.13378
-1.13378
-1.13378
-1.13378
-1.13378
-1.41866
-1.41866
-1.41866
-0.465612
-0.253811
-0.275892
0.959334
0.959334
0.959334
-0.248328
-0.248328
-0.248328
-0.248328
-0.248328
-0.248328
-0.99691
-0.731754
-2.37006
-2.37006
-1.46286
-1.46286
-1.46286
-0.799497
-0.799497
0.896362
0.896362
1.01969
1.50794
0.367758
0.367758
0.367758
-0.239753
-0.239753
-0.361465
-0.361465
-0.361465
-0.826718
0.174965
-1.35883
-0.921845
-0.921845
-1.56908
-1.56908
-0.296251
-0.435148
0.765529
0.765529
-0.645083
-1.0026
-1.0026
0.902844
1.43278
1.43278
1.43278
1.4946
1.4946
1.4946
2.35786
2.35786
1.3349
1.65415
1.65415
1.65415
1.65415
1.65415
0.890268
2.41904
2.41904
0.803433
-0.349186
-0.627726
-0.627726
-0.627726
-0.627726
-0.411401
-0.722634
-1.49398
-0.542253
-0.542253
-0.225575
-0.225575
-1.15149
-0.344447
-0.344447
0.117947
-0.595045
-0.595045
-0.460205
-0.460205
-0.358994
-1.9118
-1.9118
-1.8914
-0.92873
-1.5103
-1.04901
-1.2094
-1.09266
-1.61356
-1.80652
-1.80652
-1.80652
-1.46894
-1.46894
-1.46894
-1.46894
-1.46894
-1.46894
-1.46894
-1.46894
-1.46894
-1.46894
-1.46894
-1.53693
-1.53693
-1.53693
-0.524482
-0.524482
-0.524482
-0.731363
-1.37107
-1.37107
-1.37107
-1.37107
-0.444914
-0.444914
-1.36994
-2.15202
-0.586396
0.882593
0.34756
1.62868
0.848307
0.848307
0.848307
0.848307
0.848307
0.848307
0.848307
0.848307
0.848307
0.848307
0.848307
1.61338
1.61338
1.99395
1.99395
1.04814
1.04814
1.04814
1.04814
1.04814
0.407445
0.807222
1.69525
1.69525
0.439225
1.47465
1.47465
1.47465
1.47465
0.357404
1.06648
-0.43289
-1.29372
-1.29372
-0.396482
0.369721
-0.497388
-0.497388
0.193302
0.193302
0.193302
0.193302
0.193302
0.193302
0.193302
0.81267
0.81267
0.989745
1.58227
1.58227
1.58227
1.58227
1.58227
-0.148734
-0.694991
0.401037
0.580101
0.580101
-1.06065
-1.06065
-1.53002
-1.53002
-1.53002
-0.725841
-0.725841
-0.284943
0.58042
0.58042
-1.00999
-1.04835
0.588788
0.588788
-0.765745
-0.765745
0.912063
0.912063
-0.593516
-0.593516
-0.593516
0.283327
-1.58004
-1.58004
-1.58004
-0.212923
-0.212923
-1.6586
-1.6586
-1.6586
-2.18981
-1.20328
0.634314
0.57417
0.57417
-1.1514
-1.1514
-2.60986
-2.60986
-2.14338
-1.35838
0.405759
0.405759
0.985893
1.58404
1.58404
1.58404
1.01631
0.685554
0.931636
0.811228
0.811228
0.811228
0.770692
0.94381
0.94381
-0.318583
0.70887
0.167879
0.167879
0.293969
-1.27817
-1.27817
-1.27817
-1.27817
-1.27817
-1.27817
-1.27817
-1.27817
-1.27817
-0.564389
0.573613
-0.457735
-1.02668
-1.79425
-1.79425
-0.816301
-1.69203
-1.69203
-1.31998
-1.31998
-0.333027
-0.285461
-1.73749
-1.73749
-1.63443
-1.63443
-1.63443
-1.63443
-0.471439
-0.471439
-0.471439
0.993882
0.948372
0.948372
0.437678
0.437678
0.437678
0.437678
0.437678
0.437678
0.437678
0.437678
-0.315684
1.37995
1.92383
1.92383
1.09623
1.09623
-0.508549
-0.508549
-2.10542
-1.27609
-1.27609
-1.46271
-1.28942
-0.363896
-0.363896
0.537041
0.537041
0.537041
0.537041
0.537041
0.537041
-0.753503
-0.413303
-1.49342
-1.49342
-1.49342
-1.49342
-1.49342
-1.49342
-0.953192
1.03662
1.03662
1.03662
1.03662
1.73538
1.73538
1.73538
1.73538
1.73538
0.939329
0.939329
-0.453521
-0.49333
-0.49333
-0.49333
0.621749
0.621749
0.621749
-0.531729
-0.456901
-0.458734
-0.458734
-0.458734
-1.63775
-1.15452
-1.15452
-0.321159
-0.321159
-0.321159
-0.870975
-0.870975
-1.62591
-1.62591
-1.62591
-1.62591
-0.582994
-0.582994
0.327309
-0.443112
-0.443112
-0.443112
1.4952
1.4952
1.4952
1.4952
1.4952
1.4952
1.4952
1.4952
1.4952
1.4952
-0.489866
-0.489866
-0.49746
-1.71348
-1.09947
0.643558
0.34006
1.64532
1.64532
1.64532
1.64532
1.64532
0.867703
0.371912
0.371912
1.2348
-0.381883
-0.381883
0.973508
0.973508
0.973508
0.973508
0.314927
0.314927
0.314927
-0.484624
0.926007
0.926007
-1.00627
-1.00627
-0.824437
-0.13288
-1.92553
-2.38081
-1.05345
-0.800652
-0.800652
-0.800652
0.31193
-0.458774
-0.458774
-0.458774
1.52419
1.52419
1.52419
1.52419
-0.370263
1.11982
1.11982
1.11982
1.14646
1.14646
1.14646
1.95813
0.362009
1.8509
0.221251
2.08802
2.39217
2.08796
2.08796
2.08796
0.736917
0.736917
1.76797
0.562431
-0.955442
-0.955442
0.170228
1.84581
0.745483
0.745483
0.745483
-1.10304
-0.687182
-0.687182
-0.366861
-0.366861
-0.805851
-0.805851
-0.805851
-0.949627
-0.949627
-1.11602
-1.11602
-2.78375
-2.78375
-2.78375
-2.78375
-2.78375
-2.78375
-2.78375
-0.97648
-0.97648
-0.97648
-0.97648
-0.97648
-0.325149
-1.45308
-1.45308
-1.45308
-0.273452
0.268297
1.38169
1.85173
1.58785
1.58785
1.58785
1.58785
1.96346
0.800888
0.800888
0.800888
0.800888
0.800888
0.800888
0.800888
-0.373744
-0.953398
-0.953398
-0.953398
-0.953398
-0.953398
-0.953398
-0.953398
-0.953398
-0.953398
-2.6829
-0.884045
-0.884045
-0.242968
-0.242968
-0.547764
-0.547764
-0.547764
-0.547764
0.379718
0.379718
1.13741
-0.694782
-0.394439
-0.394439
-0.394439
-1.82014
-0.772899
-0.772899
-0.772899
-0.524216
0.774463
0.774463
0.774463
0.766636
1.28644
-0.308304
-0.308304
0.667524
0.667524
0.667524
0.139014
0.139014
0.139014
-1.52551
-1.52551
-1.63262
-1.63262
-1.63262
-1.96783
-0.515523
-0.515523
-0.476243
-1.81245
-1.81245
-1.4211
-1.4211
-1.4211
-1.4211
-1.84782
-1.84782
-0.417592
0.559822
1.06607
0.34177
0.34177
0.34177
-0.181536
-0.438755
-0.367072
-0.367072
-0.367072
-0.367072
0.620441
1.37124
1.37124
0.781862
0.781862
2.35972
2.35972
2.35972
1.13351
1.13351
1.13351
-0.521476
-0.521476
1.27462
1.27462
1.53157
1.53157
1.53157
1.53157
1.53157
1.53157
1.53157
0.273961
0.273961
0.273961
0.273961
0.273961
1.63917
1.63917
1.63917
1.63917
1.63917
1.63917
1.63917
1.53028
0.305899
0.305899
0.438091
1.17456
0.696719
-0.771833
-0.771833
-1.2226
-1.46294
-1.52645
-1.52645
-1.52645
-1.52645
0.227576
0.227576
-1.34467
-1.34467
-1.34467
-1.34467
-1.41486
-1.41486
0.51993
0.51993
0.51993
0.51993
-1.42432
-1.42432
-1.42432
-0.719918
-0.719918
-0.719918
-0.719918
-1.78232
-1.78232
-1.0587
0.310714
0.310714
0.310714
-1.08248
-1.08248
-1.08248
-1.76092
0.165108
-0.37079
-1.27278
-0.501398
-0.501398
-0.501398
-0.501398
-0.501398
-1.4754
-1.4754
-1.4754
0.304223
0.304223
0.304223
1.37161
1.37161
-0.295182
-0.666321
-0.666321
-0.666321
-0.613764
1.02327
-0.673359
-1.87121
-1.57594
-1.20539
-1.20539
0.360144
0.360144
0.360144
0.539251
-0.453286
0.687204
0.687204
0.687204
-0.926493
-1.85879
-1.85879
-1.85879
-1.85879
-0.348292
-1.81286
-1.81286
-1.27566
-1.27566
-0.45501
-0.750081
-0.750081
-0.628569
-0.628569
-0.628569
-0.628569
-1.12832
-1.12832
-1.12832
-1.0545
-0.287984
0.513298
1.08672
1.83164
1.83164
0.732147
0.600875
0.600875
0.600875
0.600875
-0.370633
1.41158
-0.320075
0.934685
0.934685
0.934685
1.50719
1.50719
1.50719
0.17877
0.955858
0.955858
0.955858
0.955858
0.329193
0.329193
0.329193
-1.05983
-0.328855
0.820995
1.21672
1.21672
1.21672
0.62508
-0.721914
-0.555434
0.662843
0.662843
0.683598
-1.14708
-1.14708
-1.14708
-1.14708
-0.837779
-0.837779
-1.42834
-1.31904
-1.31904
-1.12574
-1.12574
0.117165
-1.78034
-1.78034
-1.78034
-1.97611
-1.97611
-1.97611
-0.65209
0.292383
0.292383
-1.30116
-0.199549
-0.199549
-0.199549
1.37913
1.37913
0.348652
0.348652
1.39505
1.39505
2.17853
2.17853
0.648756
0.648756
0.648756
1.14424
1.21704
1.21704
-0.206552
1.21838
2.68005
2.09617
2.09617
0.257739
0.535196
1.37851
1.37851
-0.603616
0.929351
0.370308
0.370308
0.370308
0.625127
1.5819
1.5819
0.540169
0.800868
0.800868
0.800868
0.800868
-0.884879
-0.884879
-0.884879
-0.884879
-0.884879
-0.884879
-0.884879
-0.884879
-1.15783
-1.15783
0.757769
0.757769
-0.264231
-0.264231
0.609187
0.439123
1.68053
0.962553
0.962553
2.25024
2.25024
2.25024
2.25024
0.511293
0.511293
0.493496
-0.598143
-1.78392
-1.45127
-1.30423
0.103057
0.103057
1.82442
1.46646
1.20056
1.20056
1.20056
1.20056
1.20056
1.20056
2.58091
2.58091
2.58091
0.908249
1.51027
0.797531
0.797531
0.797531
0.797531
0.797531
0.797531
0.797531
1.43724
1.43724
1.43724
1.43724
0.756025
0.756025
0.756025
0.756025
0.756025
1.53435
1.53435
1.53435
0.852158
1.32262
1.32262
1.32262
1.32262
-0.403114
-0.845274
-0.845274
-0.845274
-0.845274
-0.845274
-1.94211
-1.94211
-1.94211
-2.31234
-2.31234
-2.34964
-1.51298
-1.20518
-0.927218
-0.927218
-1.19492
-1.19492
-1.19492
0.486913
-0.383453
0.905176
0.905176
0.905176
2.08694
0.198804
-1.50905
-1.35473
-1.35473
-1.35473
-0.982825
-0.982825
-0.782952
-0.782952
-0.782952
-1.22069
-1.22069
-1.51302
-1.51302
-1.51302
-1.2167
-1.2167
0.690911
0.198402
0.508079
0.508079
0.186271
-0.541973
-0.541973
-1.00884
-1.00884
-1.024
0.591912
0.591912
0.591912
0.550484
0.753269
0.753269
-0.615038
0.161174
-0.793579
0.721185
0.721185
0.721185
0.721185
1.16161
1.16161
1.16161
1.16161
1.09954
-0.705127
-0.705127
0.992119
0.760507
0.760507
0.760507
0.760507
0.760507
0.30994
1.62446
1.62446
0.34925
0.34925
0.34925
-1.20199
0.310936
0.310936
-1.25281
-1.25281
-1.25281
-1.25281
-0.691777
-0.691777
-0.8666
-0.872324
-0.872324
-0.872324
0.467172
1.58533
1.58533
1.58533
1.58533
2.19423
2.19423
2.19423
2.19423
1.30147
1.30147
0.431209
0.431209
1.7716
1.7716
1.46387
1.46387
1.46387
1.46387
1.53273
1.53273
0.388059
-1.28129
0.512417
0.512417
0.512417
0.512417
-1.00154
-0.923566
-0.923566
-0.923566
-0.923566
-0.923566
-2.04922
-0.334572
-0.334572
0.753627
1.13976
1.13529
1.13529
1.13529
1.34697
1.32294
-0.366903
-0.366903
0.85475
0.85475
0.85475
1.41294
1.26129
1.26129
1.26129
1.26129
0.427163
0.427163
0.427163
0.350213
0.973621
0.973621
0.973621
-0.305197
-0.305197
-0.198944
-0.198944
-0.572782
-0.572782
-0.629829
-0.629829
0.754158
-0.813902
-0.813902
-0.624039
-0.624039
-0.624039
1.0195
1.36797
1.36797
-0.398597
-0.398597
-1.29403
-1.29403
-1.29403
-0.758413
-0.758413
-0.758413
-1.35477
-1.35477
-1.90599
-1.05122
0.692547
1.55979
1.55979
1.55979
1.82661
1.37683
1.37683
1.37683
1.37683
1.37683
1.37683
0.322502
0.322502
0.322502
1.42904
1.42904
1.36549
1.74394
1.35777
1.35777
1.35777
1.35777
1.35777
1.35777
1.35777
1.99248
1.99248
0.476043
0.364678
0.15818
-1.42991
-1.42991
-1.42991
-1.63877
-1.63877
-1.63877
-1.63877
-1.63877
-1.63877
-1.50629
-1.50629
-1.50629
-1.43884
-1.43884
-1.43884
-1.43884
-1.43884
-0.250286
-0.292445
-0.292445
0.830959
0.830959
-0.656727
-0.523051
-0.572854
-1.64741
-1.64741
-1.64741
-1.14373
-1.28059
-1.28059
-1.62895
-1.62895
-1.62895
-1.62895
-1.62895
-1.68122
-1.62083
-1.62083
-1.62083
-1.62083
-1.62083
-1.62083
-1.62083
-1.62083
-0.917675
-0.917675
-0.917675
-0.917675
-0.727952
-1.25252
-1.25252
-0.290914
0.850096
-0.675239
0.919082
1.59721
1.59721
1.80261
1.99916
1.5409
-0.111037
-1.8457
-1.8457
-1.55271
-1.55271
-1.55271
-1.55271
-1.59741
-1.59741
-1.04506
0.72418
0.72418
0.72418
0.72418
-0.690466
-0.690466
-0.690466
-0.690466
-0.690466
-0.31512
-1.26844
0.461861
0.929646
2.16014
1.09029
1.09029
1.09029
1.10167
1.40928
0.267255
-0.906106
-0.306454
-0.306454
1.5921
1.5921
-0.272222
0.788778
-0.613515
-0.900047
-1.28783
-1.28783
-1.28783
-1.28783
-0.872857
-1.62681
-0.939793
0.447871
0.447871
-1.22244
-1.22244
0.274415
0.203552
-0.774308
-0.774308
-1.08333
-1.08333
-1.08333
-1.08333
0.757862
0.35567
1.07434
0.49122
0.49122
0.49122
0.768459
0.768459
0.768459
0.768459
1.52086
1.33231
1.26502
-0.650021
-0.650021
-0.939775
-0.939775
-0.939775
-0.939775
-0.939775
-0.339662
-0.339662
0.447025
-0.340284
0.796128
1.57127
1.57127
1.06914
-0.521314
-0.521314
-1.14177
-1.14177
-0.412589
1.12628
-0.374337
-0.374337
-1.25873
-0.406734
-1.92959
-1.92959
-1.92959
-1.92959
-1.92959
-1.92959
-1.92959
-1.92959
-1.77663
-0.275153
-0.275153
-0.275153
-0.441853
-0.441853
-0.441853
4.53334e-05
-0.937238
-0.937238
-0.398557
-1.38771
0.419483
0.419483
-0.737587
-0.737587
-2.01192
-2.01192
-2.01192
-2.01192
-2.01192
-2.26627
-1.19381
-1.19381
0.224369
2.0873
1.15853
1.15853
1.15853
0.820566
0.820566
0.864101
0.864101
1.46704
1.46704
1.46704
1.46704
1.46704
0.484681
0.242047
2.08344
2.08344
1.29738
1.29738
1.02675
1.02675
1.02675
1.02675
0.716607
1.14233
1.14233
-0.566647
-0.566647
-0.566647
0.587205
0.587205
0.818536
1.60694
1.60694
1.60694
-0.303161
-0.303161
-0.62633
-2.40365
-2.40365
-1.99946
-0.148128
-0.148128
1.17555
0.834418
0.834418
-0.203832
1.69643
1.69643
1.0953
1.0953
1.0953
1.15446
1.15446
0.315386
-1.08686
-1.08686
-1.47556
-1.59468
-2.33478
-2.33478
-2.33478
-2.41299
-2.41299
-1.53901
-1.53901
-1.53901
0.4371
1.40305
1.40305
1.40305
1.53443
0.566817
-1.24412
-0.370343
0.398719
0.398719
-1.44807
-1.44807
-1.99378
-0.507693
-0.507693
-0.507693
0.897118
0.897118
1.14569
1.9219
1.9219
0.921495
0.921495
0.921495
0.921495
1.4915
1.59705
1.59705
1.59705
1.59705
1.59705
1.15359
1.15359
1.2731
1.2731
1.2731
-0.627913
-0.627913
-0.627913
-0.627913
-0.627913
-0.627913
-2.17635
-2.17635
-2.08322
-2.08322
-0.376032
-0.376032
-0.376032
-0.376032
0.912043
0.912043
0.912043
0.912043
2.06851
0.682574
0.682574
-0.74113
-0.74113
-0.74113
-0.74113
-0.74113
-2.57338
-1.43305
-1.39331
-1.39331
-1.39331
-1.39331
-0.910464
-0.910464
0.106583
0.106583
0.106583
0.106583
0.782292
0.782292
0.782292
