             89.8782             89.8782                   0
             57.6619             57.6619                   0
             33.1764             33.1764                   0
             18.8317             18.8317                   0
              11.831              11.831                   0
             8.25859             8.25859                   0
             6.09419             6.09419                   0
             4.69936             4.69936                   0
             3.75613             3.75613                   0
             3.04371             3.04371                   0
              2.5679              2.5679                   0
             2.20749             2.20749                   0
             1.93548             1.93548                   0
             1.69977             1.69977                   0
               1.509               1.509                   0
             1.35367             1.35367                   0
