             89.1585             89.1585                   0
             53.5643             53.5643                   0
             32.4957             32.4957                   0
             18.7848             18.7848                   0
             11.8219             11.8219                   0
             8.25408             8.25408                   0
             6.05064             6.05064                   0
             4.65934             4.65934                   0
             3.74933             3.74933                   0
             3.10531             3.10531                   0
             2.64344             2.64344                   0
             2.22109             2.22109                   0
             1.96438             1.96438                   0
             1.72018             1.72018                   0
             1.53348             1.53348                   0
             1.37252             1.37252                   0
