            0.269245            0.269245                   0
            0.472559            0.472559                   0
            0.535871            0.535871                   0
            0.499706            0.499706                   0
             0.46432             0.46432                   0
            0.436914            0.436914                   0
            0.409129            0.409129                   0
            0.378853            0.378853                   0
            0.350278            0.350278                   0
            0.320426            0.320426                   0
            0.295803            0.295803                   0
             0.27327             0.27327                   0
            0.250093            0.250093                   0
            0.230443            0.230443                   0
            0.213224            0.213224                   0
            0.197547            0.197547                   0
