            0.924605            0.924605                   0
            0.714303            0.714303                   0
             0.47703             0.47703                   0
            0.292164            0.292164                   0
            0.197168            0.197168                   0
            0.143384            0.143384                   0
            0.108405            0.108405                   0
           0.0905364           0.0905364                   0
            0.075396            0.075396                   0
           0.0581768           0.0581768                   0
           0.0502036           0.0502036                   0
           0.0436892           0.0436892                   0
           0.0390676           0.0390676                   0
            0.033604            0.033604                   0
             0.02879             0.02879                   0
           0.0257216           0.0257216                   0
