            -1.00328            -1.00328                   0
           -0.966546           -0.966546                   0
           -0.914108           -0.914108                   0
           -0.862372           -0.862372                   0
           -0.813998           -0.813998                   0
           -0.768161           -0.768161                   0
           -0.726679           -0.726679                   0
           -0.686581           -0.686581                   0
           -0.649999           -0.649999                   0
           -0.615497           -0.615497                   0
           -0.584361           -0.584361                   0
           -0.555983           -0.555983                   0
           -0.529961           -0.529961                   0
           -0.505635           -0.505635                   0
           -0.483221           -0.483221                   0
           -0.462598           -0.462598                   0
