            -1.00197            -1.00197                   0
           -0.958941           -0.958941                   0
           -0.913665           -0.913665                   0
           -0.862322           -0.862322                   0
           -0.813484           -0.813484                   0
           -0.767643           -0.767643                   0
           -0.725032           -0.725032                   0
           -0.684586           -0.684586                   0
           -0.648264           -0.648264                   0
           -0.615069           -0.615069                   0
           -0.584504           -0.584504                   0
           -0.556007           -0.556007                   0
           -0.530602           -0.530602                   0
           -0.505964           -0.505964                   0
           -0.483574           -0.483574                   0
            -0.46309            -0.46309                   0
