            0.285147            0.285147                   0
            0.492399            0.492399                   0
            0.547561            0.547561                   0
            0.515453            0.515453                   0
            0.468044            0.468044                   0
            0.440094            0.440094                   0
            0.409076            0.409076                   0
            0.380585            0.380585                   0
            0.348321            0.348321                   0
            0.321583            0.321583                   0
            0.297317            0.297317                   0
             0.27409             0.27409                   0
            0.251167            0.251167                   0
            0.231904            0.231904                   0
            0.213755            0.213755                   0
            0.199413            0.199413                   0
