            0.872012            0.872012                   0
             0.59374             0.59374                   0
            0.477186            0.477186                   0
            0.305527            0.305527                   0
            0.196337            0.196337                   0
            0.141709            0.141709                   0
            0.111833            0.111833                   0
           0.0836516           0.0836516                   0
           0.0705704           0.0705704                   0
           0.0581052           0.0581052                   0
           0.0494004           0.0494004                   0
            0.044406            0.044406                   0
           0.0414772           0.0414772                   0
            0.037992            0.037992                   0
            0.031138            0.031138                   0
           0.0284624           0.0284624                   0
