            0.197547            0.197547                   0
            0.198988            0.198268         0.000720414
            0.196076            0.197537          0.00084073
             0.19896            0.197893         0.000692756
            0.196877             0.19769         0.000573805
            0.196875            0.197554         0.000487804
            0.195886            0.197316         0.000476165
             0.19778            0.197374         0.000416431
            0.197716            0.197412         0.000369229
            0.198042            0.197475         0.000336211
            0.198083             0.19753         0.000309108
            0.195808            0.197387          0.00031659
            0.198286            0.197456         0.000299321
            0.197446            0.197455         0.000277119
            0.197166            0.197436         0.000258702
            0.195619            0.197322         0.000267301
            0.195873            0.197237         0.000265166
            0.196816            0.197214         0.000251093
             0.19864            0.197289         0.000249088
             0.19779            0.197314         0.000237629
            0.195556             0.19723         0.000241026
            0.195407            0.197147         0.000244296
            0.196999            0.197141         0.000233521
            0.196048            0.197095         0.000228164
            0.197871            0.197126         0.000221036
            0.197405            0.197137         0.000212636
            0.199182            0.197213         0.000218176
            0.197044            0.197207         0.000210326
            0.197562            0.197219         0.000203314
            0.196648              0.1972          0.00019734
             0.19851            0.197242         0.000195494
            0.197382            0.197247         0.000189337
            0.196166            0.197214         0.000186406
            0.196115            0.197181         0.000183707
            0.195646            0.197138         0.000183696
            0.198499            0.197175         0.000182484
            0.197412            0.197182         0.000177599
            0.197824            0.197199         0.000173685
            0.196978            0.197193         0.000169267
             0.19803            0.197214         0.000166302
            0.197127            0.197212         0.000162209
            0.196609            0.197197          0.00015895
            0.198719            0.197233         0.000159192
            0.198435             0.19726         0.000157913
            0.199073              0.1973         0.000159533
            0.199126             0.19734         0.000160995
            0.197738            0.197349          0.00015776
            0.197437             0.19735         0.000154449
            0.196777            0.197339         0.000151716
            0.198114            0.197354         0.000149456
            0.197834            0.197364         0.000146798
            0.197164             0.19736         0.000143999
            0.198075            0.197373         0.000141899
            0.197046            0.197367         0.000139379
            0.198491            0.197388         0.000138338
            0.194907            0.197343         0.000142887
            0.195093            0.197304         0.000145804
            0.198758            0.197329         0.000145445
            0.198469            0.197348         0.000144258
              0.1967            0.197337         0.000142245
            0.196722            0.197327         0.000140257
            0.198037            0.197339         0.000138449
            0.199066            0.197366         0.000138966
            0.197563            0.197369         0.000136812
            0.196946            0.197363         0.000134849
            0.198027            0.197373          0.00013317
            0.196755            0.197364         0.000131491
            0.199748            0.197399         0.000134204
            0.196826             0.19739         0.000132505
            0.198529            0.197407         0.000131607
            0.198727            0.197425         0.000131066
            0.198592            0.197441         0.000130245
             0.19808             0.19745         0.000128746
            0.196188            0.197433         0.000128135
            0.196664            0.197423         0.000126831
            0.196175            0.197406         0.000126223
            0.198506            0.197421         0.000125389
            0.196668            0.197411         0.000124147
            0.200235            0.197447          0.00012767
            0.196879             0.19744         0.000126263
            0.196907            0.197433         0.000124868
            0.197114            0.197429         0.000123397
             0.19838            0.197441         0.000122438
            0.196173            0.197426          0.00012191
            0.199387            0.197449         0.000122657
            0.197338            0.197447         0.000121229
             0.19806            0.197454         0.000120034
            0.197109            0.197451         0.000118727
            0.196376            0.197438         0.000118005
            0.197301            0.197437         0.000116696
            0.197684             0.19744         0.000115438
            0.198021            0.197446         0.000114352
            0.198928            0.197462         0.000114233
            0.194778            0.197433         0.000116562
            0.198702            0.197447         0.000116099
            0.197943            0.197452         0.000114999
            0.197141            0.197449         0.000113852
            0.196167            0.197436         0.000113441
            0.197135            0.197433          0.00011233
            0.196867            0.197427         0.000111345
