             1.35367             1.35367                   0
             1.36523             1.35945           0.0057802
             1.36215             1.36035          0.00345645
             1.37595             1.36425          0.00460343
             1.37144             1.36569          0.00384483
             1.39584             1.37071          0.00592591
             1.38244             1.37239          0.00528107
             1.39546             1.37527          0.00540682
             1.39201             1.37713          0.00511821
             1.40138             1.37956          0.00518043
              1.3788             1.37949          0.00468638
              1.3595             1.37782          0.00459094
             1.39522             1.37916          0.00442993
             1.37022             1.37852           0.0041507
               1.383             1.37882           0.0038756
             1.38809              1.3794          0.00367125
             1.37107             1.37891          0.00348315
             1.36916             1.37837          0.00332829
             1.36605             1.37772          0.00321436
             1.38593             1.37813          0.00307689
             1.37932             1.37819          0.00292726
             1.37748             1.37816          0.00279121
             1.37164             1.37787          0.00268208
              1.3761              1.3778          0.00256896
             1.38969             1.37827          0.00250957
             1.36728             1.37785          0.00244792
             1.38333             1.37805          0.00236424
             1.37542             1.37796          0.00228018
             1.36828             1.37763          0.00222532
             1.38221             1.37778          0.00215529
             1.38749             1.37809          0.00210802
             1.37713             1.37806           0.0020413
             1.38371             1.37823          0.00198587
             1.36248             1.37777          0.00198148
             1.36917             1.37752          0.00193967
             1.39539             1.37802          0.00194926
              1.3594             1.37752           0.0019615
             1.37293              1.3774            0.001913
             1.37089             1.37723          0.00187075
             1.39213              1.3776          0.00186104
             1.34675             1.37685          0.00196484
             1.35627             1.37636          0.00197908
             1.37743             1.37638          0.00193267
             1.38878             1.37667          0.00190914
             1.34821             1.37603          0.00197044
             1.38434             1.37621          0.00193558
             1.38629             1.37643          0.00190604
             1.38436             1.37659           0.0018732
             1.38211             1.37671          0.00183802
             1.36887             1.37655           0.0018077
             1.37264             1.37647          0.00177356
              1.3791             1.37652          0.00173985
             1.36547             1.37632           0.0017194
             1.36721             1.37615          0.00169567
             1.39308             1.37645          0.00169279
             1.37167             1.37637          0.00166448
             1.38379              1.3765           0.0016402
             1.36442             1.37629          0.00162507
             1.37055             1.37619          0.00160024
             1.38574             1.37635          0.00158137
             1.36342             1.37614          0.00156961
             1.38028             1.37621          0.00154553
             1.37457             1.37618          0.00152103
             1.38281             1.37629          0.00150065
             1.36535             1.37612          0.00148694
             1.37658             1.37612          0.00146425
             1.38672             1.37628          0.00145088
             1.38639             1.37643          0.00143709
             1.37959             1.37648          0.00141685
             1.37618             1.37647          0.00139647
              1.3628             1.37628          0.00139006
             1.37415             1.37625          0.00137093
             1.36192             1.37605          0.00136621
             1.36257             1.37587          0.00135988
             1.38401             1.37598            0.001346
             1.35403             1.37569          0.00135922
             1.38055             1.37575          0.00134293
             1.36614             1.37563          0.00133132
              1.3764             1.37564           0.0013144
              1.4008             1.37596          0.00133542
             1.37965               1.376          0.00131962
             1.38339             1.37609          0.00130654
             1.36796             1.37599          0.00129442
              1.3728             1.37596          0.00127948
             1.39255             1.37615          0.00127932
             1.36923             1.37607          0.00126692
             1.37197             1.37602          0.00125316
             1.36867             1.37594          0.00124165
             1.36801             1.37585          0.00123085
             1.36569             1.37574          0.00122232
             1.38316             1.37582          0.00121156
             1.37906             1.37585          0.00119883
             1.37763             1.37587          0.00118602
             1.36838             1.37579          0.00117605
             1.37548             1.37579           0.0011636
             1.37312             1.37576          0.00115176
             1.38635             1.37587          0.00114504
             1.37008             1.37581          0.00113483
             1.40091             1.37607          0.00115157
             1.36845             1.37599          0.00114253
