           0.0257216           0.0257216                   0
           0.0287884            0.027255           0.0015334
           0.0281676           0.0275592         0.000936114
           0.0261916           0.0272173         0.000745017
           0.0236752           0.0265089         0.000913723
           0.0267956           0.0265567          0.00074758
           0.0257452           0.0264407         0.000642367
           0.0273496           0.0265543         0.000567788
           0.0293064           0.0268601         0.000586725
           0.0299752           0.0271716         0.000610273
           0.0229824           0.0267908         0.000670639
           0.0263056           0.0267504         0.000613541
           0.0253964           0.0266462         0.000573905
           0.0228544           0.0263754         0.000596382
           0.0276252           0.0264587         0.000561419
           0.0263204             0.02645          0.00052523
           0.0219268            0.026184         0.000560542
            0.028988           0.0263398         0.000550965
           0.0268488           0.0263665         0.000521849
           0.0276092           0.0264287         0.000498953
             0.02672           0.0264426         0.000474802
            0.026824           0.0264599         0.000453037
           0.0276104           0.0265099         0.000435773
           0.0270992           0.0265345         0.000417943
           0.0275816           0.0265764         0.000403059
           0.0260212            0.026555         0.000387834
           0.0298956           0.0266787         0.000393169
            0.030018            0.026798         0.000397194
           0.0248864           0.0267321          0.00038888
           0.0297116           0.0268314           0.0003886
           0.0255576           0.0267903         0.000378095
           0.0278228           0.0268226         0.000367508
           0.0278932            0.026855         0.000357672
           0.0266484           0.0268489         0.000347046
            0.026854           0.0268491         0.000336984
           0.0271104           0.0268563         0.000327571
           0.0263848           0.0268436         0.000318849
           0.0310672           0.0269547         0.000329648
            0.028192           0.0269865         0.000322648
           0.0317888           0.0271065         0.000336616
           0.0278348           0.0271243         0.000328784
           0.0252136           0.0270788         0.000324069
           0.0270724           0.0270786         0.000316443
           0.0299416           0.0271437          0.00031594
           0.0273912           0.0271492         0.000308888
           0.0282928           0.0271741          0.00030312
             0.03071           0.0272493         0.000305993
           0.0302068           0.0273109         0.000305822
           0.0271984           0.0273086         0.000299524
           0.0261876           0.0272862         0.000294328
           0.0260872           0.0272627         0.000289455
           0.0239648           0.0271993         0.000290833
           0.0262856            0.027182         0.000285813
           0.0287252           0.0272106         0.000281923
            0.031324           0.0272854         0.000286677
           0.0327644           0.0273832         0.000298029
            0.027962           0.0273934         0.000292929
           0.0257024           0.0273642         0.000289307
           0.0292336           0.0273959         0.000286121
           0.0288528           0.0274202         0.000282358
            0.028764           0.0274422         0.000278563
           0.0250884           0.0274043         0.000276651
           0.0274592           0.0274051         0.000272225
           0.0291792           0.0274329         0.000269368
           0.0247304           0.0273913         0.000268431
           0.0276412           0.0273951          0.00026436
           0.0263092           0.0273789         0.000260888
           0.0291232           0.0274045           0.0002583
           0.0282792           0.0274172         0.000254844
            0.025392           0.0273883         0.000252838
           0.0229712            0.027326         0.000256898
           0.0274984           0.0273284         0.000253316
           0.0282792           0.0273415         0.000250161
           0.0275088           0.0273437         0.000246768
           0.0236848           0.0272949         0.000248295
            0.027382           0.0272961         0.000245009
           0.0316688           0.0273529         0.000248385
           0.0239604           0.0273094         0.000249008
           0.0261892           0.0272952         0.000246244
           0.0293552           0.0273209         0.000244507
           0.0260764           0.0273056         0.000241957
            0.023358           0.0272574         0.000243789
            0.026946           0.0272537         0.000240863
           0.0256528           0.0272346          0.00023874
           0.0246564           0.0272043         0.000237857
           0.0290932           0.0272263         0.000236099
           0.0276004           0.0272306         0.000233409
           0.0257592           0.0272138         0.000231346
           0.0258544           0.0271986         0.000229241
           0.0237452           0.0271602         0.000229905
           0.0238736           0.0271241         0.000230215
           0.0276408           0.0271297         0.000227768
             0.02297            0.027085         0.000229702
           0.0250216            0.027063         0.000228303
            0.027112           0.0270635         0.000225888
             0.02799           0.0270732         0.000223731
            0.027808           0.0270808         0.000221542
           0.0259824           0.0270696         0.000219556
           0.0258252            0.027057          0.00021769
             0.02609           0.0270473         0.000215719
