           -0.462598           -0.462598                   0
           -0.462574           -0.462586          1.2132e-05
           -0.463267           -0.462813         0.000227125
           -0.462876           -0.462829         0.000161361
           -0.462847           -0.462833         0.000125042
           -0.462889           -0.462842         0.000102524
           -0.463084           -0.462876         9.32788e-05
           -0.463041           -0.462897          8.3346e-05
           -0.463068           -0.462916          7.5913e-05
           -0.463574           -0.462982         9.45471e-05
           -0.462429           -0.462932           9.918e-05
           -0.462973           -0.462935         9.06055e-05
           -0.463746           -0.462997         0.000104122
           -0.462915           -0.462992         9.65788e-05
            -0.46235           -0.462949         9.95602e-05
           -0.462692           -0.462933         9.45023e-05
           -0.462822           -0.462926         8.90091e-05
           -0.463181            -0.46294         8.51003e-05
           -0.462353           -0.462909         8.62282e-05
           -0.464391           -0.462983         0.000110348
           -0.463726           -0.463019         0.000110751
           -0.462508           -0.462996         0.000108115
           -0.462328           -0.462967         0.000107305
           -0.463404           -0.462985         0.000104344
           -0.463021           -0.462986         0.000100094
           -0.462102           -0.462952         0.000102004
           -0.464636           -0.463015         0.000116278
           -0.462822           -0.463008         0.000112259
           -0.463111           -0.463011         0.000108378
           -0.463837           -0.463039         0.000108264
           -0.463296           -0.463047         0.000105041
           -0.461933           -0.463012         0.000107497
           -0.463802           -0.463036         0.000106901
           -0.462993           -0.463035         0.000103717
           -0.463267           -0.463042         0.000100927
           -0.462058           -0.463014         0.000101816
           -0.463256           -0.463021         9.92426e-05
           -0.462746           -0.463014         9.68657e-05
           -0.463522           -0.463027         9.52464e-05
           -0.462208           -0.463006         9.50651e-05
           -0.463663           -0.463022         9.40917e-05
           -0.461715           -0.462991         9.69579e-05
           -0.463897           -0.463012         9.69903e-05
           -0.461896           -0.462987         9.80989e-05
           -0.462902           -0.462985         9.59126e-05
           -0.464601            -0.46302         0.000100168
           -0.463413           -0.463028         9.83692e-05
           -0.463199           -0.463032         9.63639e-05
           -0.463222           -0.463036         9.44561e-05
           -0.463179           -0.463039          9.2592e-05
           -0.462957           -0.463037         9.07725e-05
            -0.46297           -0.463036         8.90189e-05
           -0.462707            -0.46303         8.75428e-05
           -0.463104           -0.463031         8.59174e-05
           -0.462943           -0.463029         8.43559e-05
           -0.463128           -0.463031         8.28546e-05
           -0.463085           -0.463032         8.13935e-05
           -0.462848           -0.463029          8.0041e-05
           -0.462955           -0.463028         7.86826e-05
           -0.463171            -0.46303         7.73973e-05
           -0.463144           -0.463032         7.61409e-05
           -0.463568           -0.463041         7.54005e-05
            -0.46257           -0.463033          7.4569e-05
           -0.462676           -0.463027         7.36069e-05
            -0.46278           -0.463024         7.25654e-05
            -0.46211            -0.46301         7.27849e-05
           -0.463853           -0.463022         7.27854e-05
           -0.463263           -0.463026         7.17944e-05
           -0.462946           -0.463025         7.07557e-05
            -0.46243           -0.463016         7.02529e-05
           -0.462275           -0.463006         7.00382e-05
           -0.463596           -0.463014         6.95438e-05
           -0.463286           -0.463018         6.86853e-05
           -0.462945           -0.463017         6.77578e-05
            -0.46265           -0.463012         6.70273e-05
           -0.463036           -0.463012         6.61402e-05
           -0.462197           -0.463002         6.61295e-05
           -0.463142           -0.463003         6.53012e-05
           -0.462575           -0.462998          6.4697e-05
           -0.463652           -0.463006         6.44039e-05
           -0.463198           -0.463009          6.3648e-05
           -0.462782           -0.463006         6.29276e-05
           -0.463433           -0.463011         6.23778e-05
           -0.463918           -0.463022         6.25692e-05
           -0.463173           -0.463024         6.18543e-05
           -0.462167           -0.463014         6.19361e-05
            -0.46269            -0.46301         6.13326e-05
           -0.463363           -0.463014         6.07644e-05
           -0.463158           -0.463016         6.00996e-05
            -0.46186           -0.463003         6.07998e-05
           -0.462847           -0.463001         6.01523e-05
           -0.462597           -0.462997         5.96568e-05
           -0.463258           -0.462999         5.90787e-05
           -0.463864           -0.463009         5.91655e-05
           -0.463668           -0.463016         5.89493e-05
           -0.463001           -0.463015         5.83323e-05
           -0.463006           -0.463015         5.77279e-05
            -0.46314           -0.463017           5.715e-05
           -0.463598           -0.463022          5.6874e-05
           -0.462475           -0.463017         5.65675e-05
